0.000 0.000 1.000 0.000 0.000 0.000 0.000 0.000 0.000 0.00
0.000 -0.000 1.000 0.000 -0.000 0.000 0.000 -0.000 0.000 0.01
0.000 -0.000 1.000 0.000 -0.000 0.000 0.000 -0.000 0.000 0.02
0.000 -0.000 1.000 0.000 -0.000 0.000 0.000 -0.000 0.000 0.03
0.000 -0.000 1.000 0.000 -0.000 0.000 0.000 -0.000 0.000 0.04
0.000 -0.000 1.000 0.000 -0.000 0.000 0.001 -0.000 0.000 0.05
0.000 -0.000 1.000 0.000 -0.000 0.000 0.001 -0.000 0.000 0.06
0.000 -0.000 1.000 0.000 -0.000 0.000 0.001 -0.000 0.000 0.07
0.000 -0.000 1.000 0.000 -0.000 0.000 0.002 -0.000 0.000 0.08
0.000 -0.000 1.000 0.000 -0.000 0.000 0.003 -0.000 0.000 0.09
0.000 -0.000 1.000 0.000 -0.000 0.000 0.004 -0.000 0.000 0.10
0.000 -0.000 1.000 0.000 -0.000 0.000 0.005 -0.000 0.000 0.11
0.000 -0.000 1.000 0.000 -0.000 0.000 0.006 -0.000 0.000 0.12
0.000 -0.000 1.000 0.000 -0.000 0.000 0.008 -0.000 0.000 0.13
0.000 -0.000 1.000 0.000 -0.000 0.000 0.010 -0.000 0.000 0.14
0.000 -0.000 1.000 0.000 -0.000 0.000 0.012 -0.000 0.000 0.15
0.000 -0.000 1.000 0.001 -0.000 0.000 0.014 -0.000 0.000 0.16
0.000 -0.000 1.000 0.001 -0.000 0.000 0.017 -0.000 0.000 0.17
0.000 -0.000 1.000 0.001 -0.000 0.000 0.020 -0.000 0.000 0.18
0.000 -0.000 1.000 0.001 -0.000 0.000 0.023 -0.000 0.000 0.19
0.000 -0.000 1.000 0.001 -0.000 0.000 0.027 -0.000 0.000 0.20
0.000 -0.000 1.000 0.002 -0.000 0.000 0.031 -0.000 0.000 0.21
0.000 -0.000 1.000 0.002 -0.000 0.000 0.035 -0.000 0.000 0.22
0.000 -0.000 1.000 0.002 -0.000 0.000 0.039 -0.000 0.000 0.23
0.000 -0.000 1.000 0.003 -0.000 0.000 0.044 -0.000 0.000 0.24
0.000 -0.000 1.000 0.003 -0.000 0.000 0.049 -0.001 0.000 0.25
0.000 -0.000 1.000 0.004 -0.000 0.000 0.055 -0.001 0.000 0.26
0.000 -0.000 1.000 0.004 -0.000 0.000 0.061 -0.001 0.000 0.27
0.000 -0.000 1.000 0.005 -0.000 0.000 0.067 -0.001 0.000 0.28
0.000 -0.000 1.000 0.006 -0.000 0.000 0.073 -0.001 0.000 0.29
0.000 -0.000 1.000 0.006 -0.000 0.000 0.080 -0.001 0.000 0.30
0.000 -0.000 1.000 0.007 -0.000 0.000 0.087 -0.001 0.000 0.31
0.001 -0.000 1.000 0.008 -0.000 0.000 0.095 -0.001 0.000 0.32
0.001 -0.000 1.000 0.009 -0.000 0.000 0.103 -0.001 0.000 0.33
0.001 -0.000 1.000 0.010 -0.000 0.000 0.111 -0.001 0.000 0.34
0.001 -0.000 1.000 0.011 -0.000 0.000 0.120 -0.001 0.000 0.35
0.001 -0.000 1.000 0.013 -0.000 0.000 0.128 -0.001 0.000 0.36
0.001 -0.000 1.000 0.014 -0.000 0.000 0.138 -0.001 0.000 0.37
0.001 -0.000 1.000 0.015 -0.000 0.000 0.147 -0.002 0.000 0.38
0.001 -0.000 1.000 0.017 -0.000 0.000 0.157 -0.002 0.000 0.39
0.002 -0.000 1.000 0.019 -0.000 0.000 0.167 -0.002 0.000 0.40
0.002 -0.000 1.000 0.020 -0.000 0.000 0.178 -0.002 0.000 0.41
0.002 -0.000 1.000 0.022 -0.000 0.000 0.189 -0.002 0.000 0.42
0.002 -0.000 1.000 0.024 -0.000 0.000 0.200 -0.002 0.000 0.43
0.002 -0.000 1.000 0.026 -0.000 0.000 0.211 -0.002 0.000 0.44
0.003 -0.000 1.000 0.028 -0.000 0.000 0.223 -0.002 0.000 0.45
0.003 -0.000 1.000 0.031 -0.000 0.000 0.235 -0.003 0.000 0.46
0.003 -0.000 1.000 0.033 -0.000 0.000 0.248 -0.003 0.000 0.47
0.004 -0.000 1.000 0.036 -0.000 0.000 0.260 -0.003 0.000 0.48
0.004 -0.000 1.000 0.038 -0.000 0.000 0.273 -0.003 0.000 0.49
0.004 -0.000 1.000 0.041 -0.000 0.000 0.287 -0.003 0.000 0.50
0.005 -0.000 1.000 0.044 -0.000 0.000 0.300 -0.003 0.000 0.51
0.005 -0.000 1.000 0.047 -0.001 0.000 0.314 -0.003 0.000 0.52
0.006 -0.000 1.000 0.050 -0.001 0.000 0.328 -0.004 0.000 0.53
0.006 -0.000 1.000 0.054 -0.001 0.000 0.342 -0.004 0.000 0.54
0.007 -0.000 1.000 0.057 -0.001 0.000 0.357 -0.004 0.000 0.55
0.008 -0.000 1.000 0.061 -0.001 0.000 0.371 -0.004 0.000 0.56
0.008 -0.000 1.000 0.065 -0.001 0.000 0.386 -0.004 0.000 0.57
0.009 -0.000 1.000 0.068 -0.001 0.000 0.401 -0.004 0.000 0.58
0.009 -0.000 1.000 0.073 -0.001 0.000 0.417 -0.005 0.000 0.59
0.010 -0.000 1.000 0.077 -0.001 0.000 0.432 -0.005 0.000 0.60
0.011 -0.000 1.000 0.081 -0.001 0.000 0.448 -0.005 0.000 0.61
0.012 -0.000 1.000 0.086 -0.001 0.000 0.464 -0.005 0.000 0.62
0.013 -0.000 1.000 0.090 -0.001 0.000 0.480 -0.005 0.000 0.63
0.014 -0.000 1.000 0.095 -0.001 0.000 0.496 -0.005 0.000 0.64
0.015 -0.000 1.000 0.100 -0.001 0.000 0.513 -0.006 0.000 0.65
0.016 -0.000 1.000 0.106 -0.001 0.000 0.529 -0.006 0.000 0.66
0.017 -0.000 1.000 0.111 -0.001 0.000 0.546 -0.006 0.000 0.67
0.018 -0.000 1.000 0.117 -0.001 0.000 0.563 -0.006 0.000 0.68
0.019 -0.000 1.000 0.122 -0.001 0.000 0.580 -0.006 0.000 0.69
0.020 -0.000 1.000 0.128 -0.001 0.000 0.597 -0.007 0.000 0.70
0.022 -0.000 1.000 0.134 -0.001 0.000 0.614 -0.007 0.000 0.71
0.023 -0.000 1.000 0.140 -0.002 0.000 0.631 -0.007 0.000 0.72
0.024 -0.000 1.000 0.147 -0.002 0.000 0.649 -0.007 0.000 0.73
0.026 -0.000 1.000 0.153 -0.002 0.000 0.666 -0.007 0.000 0.74
0.028 -0.000 1.000 0.160 -0.002 0.000 0.683 -0.008 0.000 0.75
0.029 -0.000 1.000 0.167 -0.002 0.000 0.701 -0.008 0.000 0.76
0.031 -0.000 1.000 0.174 -0.002 0.000 0.718 -0.008 0.000 0.77
0.033 -0.000 1.000 0.181 -0.002 0.000 0.736 -0.008 0.000 0.78
0.035 -0.000 1.000 0.189 -0.002 0.000 0.753 -0.008 0.000 0.79
0.036 -0.000 1.000 0.196 -0.002 0.000 0.771 -0.009 0.000 0.80
0.038 -0.000 1.000 0.204 -0.002 0.000 0.789 -0.009 0.000 0.81
0.041 -0.000 1.000 0.212 -0.002 0.000 0.806 -0.009 0.000 0.82
0.043 -0.000 1.000 0.220 -0.002 0.000 0.824 -0.009 0.000 0.83
0.045 -0.000 1.000 0.229 -0.003 0.000 0.841 -0.009 0.000 0.84
0.047 -0.001 1.000 0.237 -0.003 0.000 0.859 -0.010 0.000 0.85
0.050 -0.001 1.000 0.246 -0.003 0.000 0.876 -0.010 0.000 0.86
0.052 -0.001 1.000 0.255 -0.003 0.000 0.894 -0.010 0.000 0.87
0.055 -0.001 1.000 0.264 -0.003 0.000 0.911 -0.010 0.000 0.88
0.057 -0.001 1.000 0.273 -0.003 0.000 0.928 -0.010 0.000 0.89
0.060 -0.001 1.000 0.282 -0.003 0.000 0.946 -0.011 0.000 0.90
0.063 -0.001 1.000 0.292 -0.003 0.000 0.963 -0.011 0.000 0.91
0.066 -0.001 1.000 0.302 -0.003 0.000 0.980 -0.011 0.000 0.92
0.069 -0.001 1.000 0.311 -0.003 0.000 0.997 -0.011 0.000 0.93
0.072 -0.001 1.000 0.322 -0.004 0.000 1.014 -0.011 0.000 0.94
0.076 -0.001 1.000 0.332 -0.004 0.000 1.030 -0.012 0.000 0.95
0.079 -0.001 1.000 0.342 -0.004 0.000 1.047 -0.012 0.000 0.96
0.082 -0.001 1.000 0.353 -0.004 0.000 1.063 -0.012 0.000 0.97
0.086 -0.001 1.000 0.363 -0.004 0.000 1.080 -0.012 0.000 0.98
0.090 -0.001 1.000 0.374 -0.004 0.000 1.096 -0.012 0.000 0.99
0.093 -0.001 1.000 0.385 -0.004 0.000 1.112 -0.012 0.000 1.00
0.097 -0.001 1.000 0.397 -0.004 0.000 1.127 -0.013 0.000 1.01
0.101 -0.001 1.000 0.408 -0.005 0.000 1.143 -0.013 0.000 1.02
0.106 -0.001 1.000 0.419 -0.005 0.000 1.159 -0.013 0.000 1.03
0.110 -0.001 1.000 0.431 -0.005 0.000 1.174 -0.013 0.000 1.04
0.114 -0.001 1.000 0.443 -0.005 0.000 1.189 -0.013 0.000 1.05
0.119 -0.001 1.000 0.455 -0.005 0.000 1.204 -0.014 0.000 1.06
0.123 -0.001 1.000 0.467 -0.005 0.000 1.218 -0.014 0.000 1.07
0.128 -0.001 1.000 0.479 -0.005 0.000 1.233 -0.014 0.000 1.08
0.133 -0.001 1.000 0.492 -0.005 0.000 1.247 -0.014 0.000 1.09
0.138 -0.002 1.000 0.504 -0.006 0.000 1.261 -0.014 0.000 1.10
0.143 -0.002 1.000 0.517 -0.006 0.000 1.275 -0.014 0.000 1.11
0.148 -0.002 1.000 0.530 -0.006 0.000 1.288 -0.014 0.000 1.12
0.154 -0.002 1.000 0.543 -0.006 0.000 1.302 -0.015 0.000 1.13
0.159 -0.002 1.000 0.556 -0.006 0.000 1.315 -0.015 0.000 1.14
0.165 -0.002 1.000 0.569 -0.006 0.000 1.327 -0.015 0.000 1.15
0.170 -0.002 1.000 0.582 -0.006 0.000 1.340 -0.015 0.000 1.16
0.176 -0.002 1.000 0.596 -0.007 0.000 1.352 -0.015 0.000 1.17
0.182 -0.002 1.000 0.609 -0.007 0.000 1.364 -0.015 0.000 1.18
0.188 -0.002 1.000 0.623 -0.007 0.000 1.376 -0.015 0.000 1.19
0.195 -0.002 1.000 0.637 -0.007 0.000 1.387 -0.015 0.000 1.20
0.201 -0.002 1.000 0.651 -0.007 0.000 1.398 -0.016 0.000 1.21
0.208 -0.002 1.000 0.665 -0.007 0.000 1.409 -0.016 0.000 1.22
0.214 -0.002 1.000 0.679 -0.008 0.000 1.420 -0.016 0.000 1.23
0.221 -0.002 1.000 0.693 -0.008 0.000 1.430 -0.016 0.000 1.24
0.228 -0.003 1.000 0.707 -0.008 0.000 1.440 -0.016 0.000 1.25
0.236 -0.003 1.000 0.722 -0.008 0.000 1.450 -0.016 0.000 1.26
0.243 -0.003 1.000 0.736 -0.008 0.000 1.459 -0.016 0.000 1.27
0.250 -0.003 1.000 0.751 -0.008 0.000 1.468 -0.016 0.000 1.28
0.258 -0.003 1.000 0.766 -0.009 0.000 1.477 -0.016 0.000 1.29
0.266 -0.003 1.000 0.781 -0.009 0.000 1.485 -0.016 0.000 1.30
0.273 -0.003 1.000 0.796 -0.009 0.000 1.493 -0.016 0.000 1.31
0.281 -0.003 1.000 0.810 -0.009 0.000 1.501 -0.016 0.000 1.32
0.290 -0.003 1.000 0.826 -0.009 0.000 1.508 -0.016 0.000 1.33
0.298 -0.003 1.000 0.841 -0.009 0.000 1.515 -0.016 0.000 1.34
0.306 -0.003 1.000 0.856 -0.009 0.000 1.522 -0.016 0.000 1.35
0.315 -0.003 1.000 0.871 -0.010 0.000 1.529 -0.016 0.000 1.36
0.324 -0.004 1.000 0.886 -0.010 0.000 1.535 -0.016 0.000 1.37
0.333 -0.004 1.000 0.902 -0.010 0.000 1.541 -0.016 0.000 1.38
0.342 -0.004 1.000 0.917 -0.010 0.000 1.546 -0.016 0.000 1.39
0.351 -0.004 1.000 0.933 -0.010 0.000 1.551 -0.016 0.000 1.40
0.361 -0.004 1.000 0.948 -0.010 0.000 1.556 -0.016 0.000 1.41
0.370 -0.004 1.000 0.964 -0.011 0.000 1.560 -0.016 -0.000 1.42
0.380 -0.004 1.000 0.979 -0.011 0.000 1.564 -0.016 -0.000 1.43
0.390 -0.004 1.000 0.995 -0.011 0.000 1.568 -0.016 -0.000 1.44
0.400 -0.004 1.000 1.011 -0.011 0.000 1.572 -0.016 -0.000 1.45
0.410 -0.005 1.000 1.027 -0.011 0.000 1.575 -0.016 -0.000 1.46
0.420 -0.005 1.000 1.042 -0.011 0.000 1.577 -0.016 -0.000 1.47
0.431 -0.005 1.000 1.058 -0.012 0.000 1.580 -0.016 -0.000 1.48
0.441 -0.005 1.000 1.074 -0.012 0.000 1.582 -0.016 -0.000 1.49
0.452 -0.005 1.000 1.090 -0.012 0.000 1.584 -0.016 -0.000 1.50
0.463 -0.005 1.000 1.106 -0.012 0.000 1.585 -0.016 -0.000 1.51
0.474 -0.005 1.000 1.121 -0.012 0.000 1.586 -0.016 -0.000 1.52
0.486 -0.005 1.000 1.137 -0.012 0.000 1.587 -0.015 -0.000 1.53
0.497 -0.005 1.000 1.153 -0.013 0.000 1.587 -0.015 -0.000 1.54
0.509 -0.006 1.000 1.169 -0.013 0.000 1.587 -0.015 -0.000 1.55
0.520 -0.006 1.000 1.185 -0.013 0.000 1.587 -0.015 -0.000 1.56
0.532 -0.006 1.000 1.201 -0.013 0.000 1.586 -0.015 -0.000 1.57
0.545 -0.006 1.000 1.217 -0.013 0.000 1.585 -0.015 -0.000 1.58
0.557 -0.006 1.000 1.232 -0.013 0.000 1.584 -0.015 -0.000 1.59
0.569 -0.006 1.000 1.248 -0.013 0.000 1.582 -0.014 -0.000 1.60
0.582 -0.006 1.000 1.264 -0.014 0.000 1.580 -0.014 -0.000 1.61
0.594 -0.007 1.000 1.280 -0.014 0.000 1.578 -0.014 -0.000 1.62
0.607 -0.007 1.000 1.296 -0.014 0.000 1.575 -0.014 -0.000 1.63
0.620 -0.007 1.000 1.311 -0.014 0.000 1.572 -0.014 -0.000 1.64
0.634 -0.007 1.000 1.327 -0.014 0.000 1.569 -0.013 -0.000 1.65
0.647 -0.007 1.000 1.343 -0.014 0.000 1.565 -0.013 -0.000 1.66
0.660 -0.007 1.000 1.358 -0.014 0.000 1.562 -0.013 -0.000 1.67
0.674 -0.007 1.000 1.374 -0.015 0.000 1.557 -0.013 -0.000 1.68
0.688 -0.008 1.000 1.390 -0.015 0.000 1.553 -0.012 -0.000 1.69
0.702 -0.008 1.000 1.405 -0.015 0.000 1.548 -0.012 -0.000 1.70
0.716 -0.008 1.000 1.421 -0.015 0.000 1.543 -0.012 -0.000 1.71
0.730 -0.008 1.000 1.436 -0.015 0.000 1.537 -0.012 -0.000 1.72
0.745 -0.008 1.000 1.451 -0.015 0.000 1.532 -0.011 -0.000 1.73
0.759 -0.008 1.000 1.467 -0.015 0.000 1.526 -0.011 -0.000 1.74
0.774 -0.008 1.000 1.482 -0.015 0.000 1.519 -0.011 -0.000 1.75
0.789 -0.009 1.000 1.497 -0.015 0.000 1.513 -0.010 -0.000 1.76
0.804 -0.009 1.000 1.512 -0.016 0.000 1.506 -0.010 -0.000 1.77
0.819 -0.009 1.000 1.527 -0.016 0.000 1.498 -0.010 -0.000 1.78
0.835 -0.009 1.000 1.542 -0.016 0.000 1.491 -0.009 -0.000 1.79
0.850 -0.009 1.000 1.557 -0.016 0.000 1.483 -0.009 -0.000 1.80
0.866 -0.009 1.000 1.572 -0.016 0.000 1.475 -0.009 -0.000 1.81
0.881 -0.010 1.000 1.586 -0.016 0.000 1.467 -0.008 -0.000 1.82
0.897 -0.010 1.000 1.601 -0.016 0.000 1.458 -0.008 -0.000 1.83
0.913 -0.010 1.000 1.616 -0.016 0.000 1.449 -0.007 -0.000 1.84
0.930 -0.010 1.000 1.630 -0.016 0.000 1.440 -0.007 -0.000 1.85
0.946 -0.010 1.000 1.644 -0.016 0.000 1.431 -0.007 -0.000 1.86
0.963 -0.010 1.000 1.659 -0.016 0.000 1.421 -0.006 -0.000 1.87
0.979 -0.010 1.000 1.673 -0.016 0.000 1.411 -0.006 -0.000 1.88
0.996 -0.011 1.000 1.687 -0.016 0.000 1.401 -0.005 -0.000 1.89
1.013 -0.011 1.000 1.701 -0.017 0.000 1.391 -0.005 -0.000 1.90
1.030 -0.011 1.000 1.715 -0.017 0.000 1.380 -0.004 -0.000 1.91
1.047 -0.011 1.000 1.728 -0.017 0.000 1.369 -0.004 -0.000 1.92
1.065 -0.011 1.000 1.742 -0.017 0.000 1.358 -0.003 -0.000 1.93
1.082 -0.011 1.000 1.756 -0.017 0.000 1.347 -0.003 -0.000 1.94
1.100 -0.012 1.000 1.769 -0.017 0.000 1.335 -0.002 -0.000 1.95
1.117 -0.012 1.000 1.782 -0.017 0.000 1.323 -0.002 -0.000 1.96
1.135 -0.012 1.000 1.795 -0.017 0.000 1.311 -0.001 -0.000 1.97
1.153 -0.012 1.000 1.808 -0.017 0.000 1.299 -0.001 -0.000 1.98
1.172 -0.012 1.000 1.821 -0.017 0.000 1.287 -0.000 -0.000 1.99
1.190 -0.012 1.000 1.834 -0.017 0.000 1.274 0.001 -0.000 2.00
1.208 -0.013 1.000 1.847 -0.017 0.000 1.261 0.001 -0.000 2.01
1.227 -0.013 1.000 1.859 -0.017 0.000 1.248 0.002 -0.000 2.02
1.245 -0.013 1.000 1.872 -0.017 0.000 1.235 0.002 -0.000 2.03
1.264 -0.013 1.000 1.884 -0.017 0.000 1.222 0.003 -0.000 2.04
1.283 -0.013 1.000 1.896 -0.017 0.000 1.208 0.004 -0.000 2.05
1.302 -0.014 1.000 1.908 -0.017 0.000 1.194 0.004 -0.000 2.06
1.321 -0.014 1.000 1.920 -0.017 0.000 1.180 0.005 -0.000 2.07
1.341 -0.014 1.000 1.932 -0.017 0.000 1.166 0.006 -0.000 2.08
1.360 -0.014 1.000 1.943 -0.016 0.000 1.152 0.006 -0.000 2.09
1.379 -0.014 1.000 1.955 -0.016 -0.000 1.138 0.007 -0.000 2.10
1.399 -0.014 1.000 1.966 -0.016 -0.000 1.123 0.008 -0.000 2.11
1.419 -0.014 1.000 1.977 -0.016 -0.000 1.108 0.008 -0.000 2.12
1.439 -0.015 1.000 1.988 -0.016 -0.000 1.093 0.009 -0.000 2.13
1.458 -0.015 1.000 1.999 -0.016 -0.000 1.078 0.010 -0.000 2.14
1.479 -0.015 1.000 2.010 -0.016 -0.000 1.063 0.011 -0.000 2.15
1.499 -0.015 1.000 2.021 -0.016 -0.000 1.047 0.011 -0.000 2.16
1.519 -0.015 1.000 2.031 -0.016 -0.000 1.032 0.012 -0.000 2.17
1.539 -0.015 1.000 2.041 -0.016 -0.000 1.016 0.013 -0.000 2.18
1.560 -0.016 1.000 2.051 -0.015 -0.000 1.000 0.014 -0.000 2.19
1.580 -0.016 1.000 2.061 -0.015 -0.000 0.984 0.015 -0.000 2.20
1.601 -0.016 1.000 2.071 -0.015 -0.000 0.968 0.015 -0.000 2.21
1.622 -0.016 1.000 2.081 -0.015 -0.000 0.952 0.016 -0.000 2.22
1.643 -0.016 1.000 2.090 -0.015 -0.000 0.936 0.017 -0.000 2.23
1.664 -0.016 1.000 2.099 -0.015 -0.000 0.919 0.018 -0.000 2.24
1.685 -0.016 1.000 2.108 -0.014 -0.000 0.903 0.019 -0.000 2.25
1.706 -0.017 1.000 2.117 -0.014 -0.000 0.886 0.020 -0.000 2.26
1.727 -0.017 1.000 2.126 -0.014 -0.000 0.870 0.021 -0.000 2.27
1.748 -0.017 1.000 2.135 -0.014 -0.000 0.853 0.022 -0.000 2.28
1.770 -0.017 1.000 2.143 -0.014 -0.000 0.836 0.022 -0.000 2.29
1.791 -0.017 1.000 2.151 -0.013 -0.000 0.819 0.023 -0.000 2.30
1.813 -0.017 1.000 2.160 -0.013 -0.000 0.801 0.024 -0.000 2.31
1.834 -0.017 1.000 2.167 -0.013 -0.000 0.784 0.025 -0.000 2.32
1.856 -0.018 1.000 2.175 -0.013 -0.000 0.767 0.026 -0.000 2.33
1.878 -0.018 1.000 2.183 -0.012 -0.000 0.749 0.027 -0.000 2.34
1.900 -0.018 1.000 2.190 -0.012 -0.000 0.732 0.028 -0.000 2.35
1.922 -0.018 1.000 2.197 -0.012 -0.000 0.714 0.029 -0.000 2.36
1.944 -0.018 1.000 2.204 -0.012 -0.000 0.696 0.030 -0.000 2.37
1.966 -0.018 1.000 2.211 -0.011 -0.000 0.679 0.031 -0.000 2.38
1.988 -0.018 1.000 2.218 -0.011 -0.000 0.661 0.032 -0.000 2.39
2.010 -0.018 1.000 2.225 -0.011 -0.000 0.643 0.033 -0.000 2.40
2.032 -0.019 1.000 2.231 -0.010 -0.000 0.625 0.034 -0.000 2.41
2.055 -0.019 1.000 2.237 -0.010 -0.000 0.607 0.035 -0.000 2.42
2.077 -0.019 1.000 2.243 -0.010 -0.000 0.589 0.037 -0.000 2.43
2.100 -0.019 1.000 2.249 -0.009 -0.000 0.570 0.038 -0.000 2.44
2.122 -0.019 1.000 2.254 -0.009 -0.000 0.552 0.039 -0.000 2.45
2.145 -0.019 1.000 2.260 -0.008 -0.000 0.534 0.040 -0.000 2.46
2.167 -0.019 1.000 2.265 -0.008 -0.000 0.515 0.041 -0.000 2.47
2.190 -0.019 1.000 2.270 -0.008 -0.000 0.497 0.042 -0.000 2.48
2.213 -0.019 1.000 2.275 -0.007 -0.000 0.478 0.043 -0.000 2.49
2.235 -0.019 1.000 2.280 -0.007 -0.000 0.460 0.044 -0.000 2.50
2.258 -0.019 1.000 2.284 -0.006 -0.000 0.441 0.046 -0.000 2.51
2.281 -0.019 1.000 2.289 -0.006 -0.000 0.422 0.047 -0.000 2.52
2.304 -0.019 1.000 2.293 -0.005 -0.000 0.403 0.048 -0.000 2.53
2.327 -0.020 1.000 2.297 -0.005 -0.000 0.385 0.049 -0.000 2.54
2.350 -0.020 1.000 2.300 -0.004 -0.000 0.366 0.050 -0.000 2.55
2.373 -0.020 1.000 2.304 -0.004 -0.000 0.347 0.052 -0.000 2.56
2.396 -0.020 1.000 2.307 -0.003 -0.000 0.328 0.053 -0.000 2.57
2.419 -0.020 1.000 2.310 -0.003 -0.000 0.309 0.054 -0.000 2.58
2.442 -0.020 1.000 2.313 -0.002 -0.000 0.290 0.056 -0.000 2.59
2.465 -0.020 1.000 2.316 -0.002 -0.000 0.271 0.057 -0.000 2.60
2.489 -0.020 1.000 2.319 -0.001 -0.000 0.252 0.058 -0.000 2.61
2.512 -0.020 1.000 2.321 -0.001 -0.000 0.232 0.059 -0.000 2.62
2.535 -0.020 1.000 2.324 0.000 -0.000 0.213 0.061 -0.000 2.63
2.558 -0.020 1.000 2.326 0.001 -0.000 0.194 0.062 -0.000 2.64
2.581 -0.020 1.000 2.327 0.001 -0.000 0.175 0.063 -0.000 2.65
2.605 -0.020 1.000 2.329 0.002 -0.000 0.155 0.065 -0.000 2.66
2.628 -0.020 1.000 2.331 0.003 -0.000 0.136 0.066 -0.000 2.67
2.651 -0.020 1.000 2.332 0.003 -0.000 0.116 0.067 -0.000 2.68
2.675 -0.020 1.000 2.333 0.004 -0.000 0.097 0.069 -0.000 2.69
2.698 -0.020 1.000 2.334 0.005 -0.000 0.078 0.070 -0.000 2.70
2.721 -0.020 1.000 2.334 0.005 -0.000 0.058 0.072 -0.000 2.71
2.745 -0.019 1.000 2.335 0.006 -0.000 0.038 0.073 -0.000 2.72
2.768 -0.019 1.000 2.335 0.007 -0.000 0.019 0.075 -0.000 2.73
2.791 -0.019 1.000 2.335 0.008 -0.000 -0.001 0.076 -0.000 2.74
2.815 -0.019 1.000 2.335 0.008 -0.000 -0.021 0.077 -0.000 2.75
2.838 -0.019 1.000 2.335 0.009 -0.000 -0.040 0.079 -0.000 2.76
2.861 -0.019 1.000 2.334 0.010 -0.000 -0.060 0.080 -0.000 2.77
2.885 -0.019 1.000 2.334 0.011 -0.000 -0.080 0.082 -0.000 2.78
2.908 -0.019 1.000 2.333 0.012 -0.000 -0.100 0.083 -0.000 2.79
2.931 -0.019 1.000 2.332 0.012 -0.000 -0.119 0.085 -0.000 2.80
2.955 -0.019 1.000 2.330 0.013 -0.000 -0.139 0.086 -0.000 2.81
2.978 -0.018 1.000 2.329 0.014 -0.000 -0.159 0.088 -0.000 2.82
3.001 -0.018 1.000 2.327 0.015 -0.000 -0.179 0.089 -0.000 2.83
3.025 -0.018 1.000 2.325 0.016 -0.000 -0.199 0.091 -0.000 2.84
3.048 -0.018 1.000 2.323 0.017 -0.000 -0.219 0.092 -0.000 2.85
3.071 -0.018 1.000 2.321 0.018 -0.000 -0.239 0.094 -0.000 2.86
3.094 -0.018 1.000 2.318 0.019 -0.000 -0.259 0.096 -0.000 2.87
3.117 -0.017 1.000 2.316 0.020 -0.000 -0.279 0.097 0.000 2.88
3.141 -0.017 1.000 2.313 0.021 -0.000 -0.299 0.099 0.000 2.89
3.164 -0.017 1.000 2.310 0.022 -0.000 -0.319 0.100 0.000 2.90
3.187 -0.017 1.000 2.306 0.023 -0.000 -0.339 0.102 0.000 2.91
3.210 -0.017 1.000 2.303 0.024 -0.000 -0.359 0.104 0.000 2.92
3.233 -0.016 1.000 2.299 0.025 -0.000 -0.379 0.105 0.000 2.93
3.256 -0.016 1.000 2.295 0.026 -0.000 -0.400 0.107 0.000 2.94
3.279 -0.016 1.000 2.291 0.027 -0.000 -0.420 0.109 0.000 2.95
3.302 -0.016 1.000 2.287 0.028 -0.000 -0.440 0.110 0.000 2.96
3.324 -0.015 1.000 2.282 0.029 -0.000 -0.460 0.112 0.000 2.97
3.347 -0.015 1.000 2.278 0.030 -0.000 -0.480 0.114 0.000 2.98
3.370 -0.015 1.000 2.273 0.031 -0.000 -0.500 0.115 0.000 2.99
3.393 -0.014 1.000 2.268 0.033 -0.000 -0.521 0.117 0.000 3.00
3.415 -0.014 1.000 2.262 0.034 -0.000 -0.541 0.119 0.000 3.01
3.438 -0.014 1.000 2.257 0.035 -0.000 -0.561 0.120 0.000 3.02
3.461 -0.013 1.000 2.251 0.036 -0.000 -0.581 0.122 0.000 3.03
3.483 -0.013 1.000 2.245 0.037 -0.000 -0.601 0.124 0.000 3.04
3.505 -0.013 1.000 2.239 0.039 -0.000 -0.621 0.126 0.000 3.05
3.528 -0.012 1.000 2.233 0.040 -0.000 -0.641 0.127 0.000 3.06
3.550 -0.012 1.000 2.226 0.041 -0.000 -0.661 0.129 0.000 3.07
3.572 -0.011 1.000 2.220 0.042 -0.000 -0.681 0.131 0.000 3.08
3.594 -0.011 1.000 2.213 0.044 -0.000 -0.701 0.133 0.000 3.09
3.617 -0.010 1.000 2.206 0.045 -0.000 -0.721 0.134 0.000 3.10
3.639 -0.010 1.000 2.198 0.046 -0.000 -0.741 0.136 0.000 3.11
3.661 -0.010 1.000 2.191 0.048 -0.000 -0.761 0.138 0.000 3.12
3.682 -0.009 1.000 2.183 0.049 -0.000 -0.781 0.140 0.000 3.13
3.704 -0.009 1.000 2.175 0.051 -0.000 -0.801 0.142 0.000 3.14
3.726 -0.008 1.000 2.167 0.052 -0.000 -0.820 0.143 0.000 3.15
3.748 -0.008 1.000 2.159 0.053 -0.000 -0.840 0.145 0.000 3.16
3.769 -0.007 1.000 2.150 0.055 -0.000 -0.860 0.147 0.000 3.17
3.791 -0.006 1.000 2.142 0.056 -0.000 -0.879 0.149 0.000 3.18
3.812 -0.006 1.000 2.133 0.058 -0.000 -0.898 0.151 0.000 3.19
3.833 -0.005 1.000 2.124 0.059 -0.000 -0.918 0.152 0.000 3.20
3.854 -0.005 1.000 2.114 0.061 -0.000 -0.937 0.154 0.000 3.21
3.875 -0.004 1.000 2.105 0.063 -0.000 -0.956 0.156 0.000 3.22
3.896 -0.003 1.000 2.095 0.064 -0.000 -0.974 0.158 0.000 3.23
3.917 -0.003 1.000 2.085 0.066 -0.000 -0.993 0.160 0.000 3.24
3.938 -0.002 1.000 2.075 0.067 -0.000 -1.012 0.162 0.000 3.25
3.959 -0.001 1.000 2.065 0.069 -0.000 -1.030 0.164 0.000 3.26
3.980 -0.001 1.000 2.055 0.071 -0.000 -1.048 0.165 0.000 3.27
4.000 0.000 1.000 2.044 0.072 -0.000 -1.066 0.167 0.000 3.28
4.020 0.001 1.000 2.033 0.074 -0.000 -1.084 0.169 0.000 3.29
4.041 0.001 1.000 2.023 0.076 -0.000 -1.102 0.171 0.000 3.30
4.061 0.002 1.000 2.011 0.077 -0.000 -1.119 0.173 0.000 3.31
4.081 0.003 1.000 2.000 0.079 -0.000 -1.136 0.175 0.000 3.32
4.101 0.004 1.000 1.989 0.081 -0.000 -1.153 0.177 0.000 3.33
4.121 0.005 1.000 1.977 0.083 -0.000 -1.170 0.178 0.000 3.34
4.140 0.005 1.000 1.965 0.084 -0.000 -1.187 0.180 0.000 3.35
4.160 0.006 1.000 1.953 0.086 -0.000 -1.203 0.182 0.000 3.36
4.179 0.007 1.000 1.941 0.088 -0.000 -1.220 0.184 0.000 3.37
4.199 0.008 1.000 1.929 0.090 -0.000 -1.236 0.186 0.000 3.38
4.218 0.009 1.000 1.917 0.092 -0.000 -1.252 0.188 0.000 3.39
4.237 0.010 1.000 1.904 0.094 -0.000 -1.267 0.190 0.000 3.40
4.256 0.011 1.000 1.891 0.096 -0.000 -1.283 0.192 0.000 3.41
4.275 0.012 1.000 1.878 0.097 -0.000 -1.298 0.194 0.000 3.42
4.294 0.013 1.000 1.865 0.099 -0.000 -1.313 0.195 0.000 3.43
4.312 0.014 1.000 1.852 0.101 -0.000 -1.328 0.197 0.000 3.44
4.331 0.015 1.000 1.839 0.103 -0.000 -1.343 0.199 0.000 3.45
4.349 0.016 1.000 1.825 0.105 -0.000 -1.358 0.201 0.000 3.46
4.367 0.017 1.000 1.812 0.107 -0.000 -1.373 0.203 0.000 3.47
4.385 0.018 1.000 1.798 0.109 -0.000 -1.387 0.205 0.000 3.48
4.403 0.019 1.000 1.784 0.111 -0.000 -1.401 0.207 0.000 3.49
4.421 0.020 1.000 1.770 0.114 -0.000 -1.415 0.209 0.000 3.50
4.439 0.021 1.000 1.755 0.116 -0.000 -1.429 0.210 0.000 3.51
4.456 0.023 1.000 1.741 0.118 -0.000 -1.443 0.212 0.000 3.52
4.473 0.024 1.000 1.727 0.120 -0.000 -1.456 0.214 0.000 3.53
4.491 0.025 1.000 1.712 0.122 -0.000 -1.470 0.216 0.000 3.54
4.508 0.026 1.000 1.697 0.124 -0.000 -1.483 0.218 0.000 3.55
4.525 0.027 1.000 1.682 0.126 -0.000 -1.496 0.220 0.000 3.56
4.541 0.029 1.000 1.667 0.129 -0.000 -1.509 0.222 0.000 3.57
4.558 0.030 1.000 1.652 0.131 -0.000 -1.521 0.223 0.000 3.58
4.574 0.031 1.000 1.637 0.133 -0.000 -1.534 0.225 0.000 3.59
4.591 0.033 1.000 1.621 0.135 -0.000 -1.546 0.227 0.000 3.60
4.607 0.034 1.000 1.606 0.138 -0.000 -1.558 0.229 0.000 3.61
4.623 0.035 1.000 1.590 0.140 -0.000 -1.570 0.231 0.000 3.62
4.639 0.037 1.000 1.575 0.142 -0.000 -1.582 0.233 0.000 3.63
4.654 0.038 1.000 1.559 0.145 -0.000 -1.594 0.234 0.000 3.64
4.670 0.040 1.000 1.543 0.147 -0.000 -1.605 0.236 0.000 3.65
4.685 0.041 1.000 1.527 0.149 -0.000 -1.617 0.238 0.000 3.66
4.700 0.043 1.000 1.510 0.152 -0.000 -1.628 0.240 0.000 3.67
4.715 0.044 1.000 1.494 0.154 -0.000 -1.639 0.241 0.000 3.68
4.730 0.046 1.000 1.478 0.157 -0.000 -1.650 0.243 0.000 3.69
4.745 0.047 1.000 1.461 0.159 -0.000 -1.660 0.245 0.000 3.70
4.759 0.049 1.000 1.444 0.161 -0.000 -1.671 0.247 0.000 3.71
4.774 0.051 1.000 1.428 0.164 -0.000 -1.681 0.249 0.000 3.72
4.788 0.052 1.000 1.411 0.166 -0.000 -1.691 0.250 0.000 3.73
4.802 0.054 1.000 1.394 0.169 -0.000 -1.701 0.252 0.000 3.74
4.816 0.056 1.000 1.377 0.171 -0.000 -1.711 0.254 0.000 3.75
4.829 0.057 1.000 1.360 0.174 -0.000 -1.721 0.255 0.000 3.76
4.843 0.059 1.000 1.342 0.177 -0.000 -1.730 0.257 0.000 3.77
4.856 0.061 1.000 1.325 0.179 -0.000 -1.739 0.259 0.000 3.78
4.869 0.063 1.000 1.308 0.182 -0.000 -1.748 0.261 0.000 3.79
4.882 0.065 1.000 1.290 0.184 -0.000 -1.757 0.262 0.000 3.80
4.895 0.066 1.000 1.272 0.187 -0.000 -1.766 0.264 0.000 3.81
4.908 0.068 1.000 1.255 0.190 -0.000 -1.775 0.266 0.000 3.82
4.920 0.070 1.000 1.237 0.192 -0.000 -1.783 0.267 0.000 3.83
4.933 0.072 1.000 1.219 0.195 -0.000 -1.791 0.269 0.000 3.84
4.945 0.074 1.000 1.201 0.198 -0.000 -1.799 0.270 0.000 3.85
4.957 0.076 1.000 1.183 0.200 -0.000 -1.807 0.272 0.000 3.86
4.968 0.078 1.000 1.165 0.203 -0.000 -1.815 0.274 0.000 3.87
4.980 0.080 1.000 1.147 0.206 -0.000 -1.822 0.275 0.000 3.88
4.991 0.082 1.000 1.128 0.209 -0.000 -1.830 0.277 0.000 3.89
5.003 0.084 1.000 1.110 0.211 -0.000 -1.837 0.278 0.000 3.90
5.014 0.086 1.000 1.092 0.214 -0.000 -1.844 0.280 0.000 3.91
5.024 0.089 1.000 1.073 0.217 -0.000 -1.850 0.281 0.000 3.92
5.035 0.091 1.000 1.055 0.220 -0.000 -1.857 0.283 0.000 3.93
5.045 0.093 1.000 1.036 0.223 -0.000 -1.863 0.284 0.000 3.94
5.056 0.095 1.000 1.017 0.225 -0.000 -1.869 0.286 0.000 3.95
5.066 0.098 1.000 0.999 0.228 -0.000 -1.875 0.287 0.000 3.96
5.076 0.100 1.000 0.980 0.231 -0.000 -1.881 0.289 0.000 3.97
5.085 0.102 1.000 0.961 0.234 -0.000 -1.887 0.290 0.000 3.98
5.095 0.104 1.000 0.942 0.237 -0.000 -1.892 0.292 0.000 3.99
5.104 0.107 1.000 0.923 0.240 -0.000 -1.897 0.293 0.000 4.00
5.113 0.109 1.000 0.904 0.243 -0.000 -1.902 0.294 0.000 4.01
5.122 0.112 1.000 0.885 0.246 -0.000 -1.907 0.296 0.000 4.02
5.131 0.114 1.000 0.866 0.249 -0.000 -1.912 0.297 0.000 4.03
5.140 0.117 1.000 0.847 0.252 -0.000 -1.916 0.298 0.000 4.04
5.148 0.119 1.000 0.828 0.255 -0.000 -1.921 0.300 0.000 4.05
5.156 0.122 1.000 0.809 0.258 -0.000 -1.925 0.301 0.000 4.06
5.164 0.124 1.000 0.789 0.261 -0.000 -1.929 0.302 0.000 4.07
5.172 0.127 1.000 0.770 0.264 -0.000 -1.933 0.303 0.000 4.08
5.180 0.130 1.000 0.751 0.267 -0.000 -1.936 0.305 0.000 4.09
5.187 0.132 1.000 0.731 0.270 -0.000 -1.939 0.306 0.000 4.10
5.194 0.135 1.000 0.712 0.273 -0.000 -1.943 0.307 0.000 4.11
5.201 0.138 1.000 0.692 0.276 -0.000 -1.946 0.308 0.000 4.12
5.208 0.141 1.000 0.673 0.279 -0.000 -1.948 0.309 0.000 4.13
5.215 0.143 1.000 0.653 0.282 -0.000 -1.951 0.311 0.000 4.14
5.221 0.146 1.000 0.634 0.285 -0.000 -1.953 0.312 0.000 4.15
5.227 0.149 1.000 0.614 0.288 -0.000 -1.956 0.313 0.000 4.16
5.233 0.152 1.000 0.595 0.292 -0.000 -1.958 0.314 0.000 4.17
5.239 0.155 1.000 0.575 0.295 -0.000 -1.959 0.315 0.000 4.18
5.245 0.158 1.000 0.556 0.298 -0.000 -1.961 0.316 0.000 4.19
5.250 0.161 1.000 0.536 0.301 -0.000 -1.962 0.317 0.000 4.20
5.256 0.164 1.000 0.516 0.304 -0.000 -1.964 0.318 0.000 4.21
5.261 0.167 1.000 0.497 0.307 -0.000 -1.965 0.319 0.000 4.22
5.266 0.170 1.000 0.477 0.311 -0.000 -1.966 0.320 0.000 4.23
5.270 0.173 1.000 0.457 0.314 -0.000 -1.966 0.321 0.000 4.24
5.275 0.176 1.000 0.438 0.317 -0.000 -1.967 0.321 0.000 4.25
5.279 0.180 1.000 0.418 0.320 -0.000 -1.967 0.322 0.000 4.26
5.283 0.183 1.000 0.398 0.323 -0.000 -1.967 0.323 0.000 4.27
5.287 0.186 1.000 0.379 0.327 -0.000 -1.967 0.324 0.000 4.28
5.291 0.189 1.000 0.359 0.330 -0.000 -1.967 0.325 0.000 4.29
5.294 0.193 1.000 0.339 0.333 -0.000 -1.967 0.325 0.000 4.30
5.297 0.196 1.000 0.320 0.336 -0.000 -1.966 0.326 0.000 4.31
5.301 0.199 1.000 0.300 0.340 -0.000 -1.965 0.327 0.000 4.32
5.303 0.203 1.000 0.280 0.343 -0.000 -1.964 0.327 0.000 4.33
5.306 0.206 1.000 0.261 0.346 -0.000 -1.963 0.328 0.000 4.34
5.309 0.210 1.000 0.241 0.350 -0.000 -1.962 0.329 0.000 4.35
5.311 0.213 1.000 0.222 0.353 -0.000 -1.960 0.329 0.000 4.36
5.313 0.217 1.000 0.202 0.356 -0.000 -1.959 0.330 0.000 4.37
5.315 0.220 1.000 0.182 0.359 -0.000 -1.957 0.330 0.000 4.38
5.317 0.224 1.000 0.163 0.363 -0.000 -1.955 0.331 0.000 4.39
5.318 0.228 1.000 0.143 0.366 -0.000 -1.953 0.331 0.000 4.40
5.320 0.231 1.000 0.124 0.369 -0.000 -1.950 0.332 0.000 4.41
5.321 0.235 1.000 0.104 0.373 0.000 -1.948 0.332 0.000 4.42
5.322 0.239 1.000 0.085 0.376 0.000 -1.945 0.333 0.000 4.43
5.322 0.242 1.000 0.065 0.379 0.000 -1.942 0.333 0.000 4.44
5.323 0.246 1.000 0.046 0.383 0.000 -1.939 0.333 0.000 4.45
5.323 0.250 1.000 0.027 0.386 0.000 -1.936 0.333 0.000 4.46
5.324 0.254 1.000 0.007 0.389 0.000 -1.932 0.334 0.000 4.47
5.324 0.258 1.000 -0.012 0.393 0.000 -1.929 0.334 0.000 4.48
5.323 0.262 1.000 -0.031 0.396 0.000 -1.925 0.334 0.000 4.49
5.323 0.266 1.000 -0.051 0.399 0.000 -1.921 0.334 0.000 4.50
5.322 0.270 1.000 -0.070 0.403 0.000 -1.917 0.334 0.000 4.51
5.322 0.274 1.000 -0.089 0.406 0.000 -1.913 0.334 0.000 4.52
5.321 0.278 1.000 -0.108 0.409 0.000 -1.908 0.335 0.000 4.53
5.319 0.282 1.000 -0.127 0.413 0.000 -1.904 0.335 0.000 4.54
5.318 0.286 1.000 -0.146 0.416 0.000 -1.899 0.335 0.000 4.55
5.316 0.290 1.000 -0.165 0.419 0.000 -1.894 0.335 0.000 4.56
5.315 0.295 1.000 -0.184 0.423 0.000 -1.889 0.334 0.000 4.57
5.313 0.299 1.000 -0.203 0.426 0.000 -1.884 0.334 0.000 4.58
5.311 0.303 1.000 -0.222 0.429 0.000 -1.879 0.334 0.000 4.59
5.308 0.307 1.000 -0.240 0.433 0.000 -1.873 0.334 0.000 4.60
5.306 0.312 1.000 -0.259 0.436 0.000 -1.868 0.334 0.000 4.61
5.303 0.316 1.000 -0.278 0.439 0.000 -1.862 0.334 0.000 4.62
5.300 0.321 1.000 -0.296 0.443 0.000 -1.856 0.333 0.000 4.63
5.297 0.325 1.000 -0.315 0.446 0.000 -1.850 0.333 0.000 4.64
5.294 0.329 1.000 -0.333 0.449 0.000 -1.844 0.333 0.000 4.65
5.291 0.334 1.000 -0.352 0.453 0.000 -1.837 0.332 0.000 4.66
5.287 0.339 1.000 -0.370 0.456 0.000 -1.831 0.332 0.000 4.67
5.283 0.343 1.000 -0.388 0.459 0.000 -1.824 0.331 0.000 4.68
5.279 0.348 1.000 -0.407 0.463 0.000 -1.817 0.331 0.000 4.69
5.275 0.352 1.000 -0.425 0.466 0.000 -1.811 0.330 0.000 4.70
5.271 0.357 1.000 -0.443 0.469 0.000 -1.804 0.330 0.000 4.71
5.266 0.362 1.000 -0.461 0.473 0.000 -1.796 0.329 0.000 4.72
5.261 0.367 1.000 -0.479 0.476 0.000 -1.789 0.328 0.000 4.73
5.257 0.371 1.000 -0.497 0.479 0.000 -1.782 0.328 0.000 4.74
5.252 0.376 1.000 -0.514 0.482 0.000 -1.774 0.327 0.000 4.75
5.246 0.381 1.000 -0.532 0.486 0.000 -1.766 0.326 0.000 4.76
5.241 0.386 1.000 -0.550 0.489 0.000 -1.759 0.325 0.000 4.77
5.235 0.391 1.000 -0.567 0.492 0.000 -1.751 0.325 0.000 4.78
5.230 0.396 1.000 -0.585 0.495 0.000 -1.743 0.324 0.000 4.79
5.224 0.401 1.000 -0.602 0.499 0.000 -1.734 0.323 0.000 4.80
5.218 0.406 1.000 -0.619 0.502 0.000 -1.726 0.322 0.000 4.81
5.211 0.411 1.000 -0.637 0.505 0.000 -1.718 0.321 0.000 4.82
5.205 0.416 1.000 -0.654 0.508 0.000 -1.709 0.320 0.000 4.83
5.198 0.421 1.000 -0.671 0.512 0.000 -1.700 0.319 0.000 4.84
5.191 0.426 1.000 -0.688 0.515 0.000 -1.692 0.318 0.000 4.85
5.184 0.431 1.000 -0.705 0.518 0.000 -1.683 0.316 0.000 4.86
5.177 0.436 1.000 -0.721 0.521 0.000 -1.674 0.315 0.000 4.87
5.170 0.442 1.000 -0.738 0.524 0.000 -1.665 0.314 0.000 4.88
5.163 0.447 1.000 -0.755 0.527 0.000 -1.655 0.313 0.000 4.89
5.155 0.452 1.000 -0.771 0.530 0.000 -1.646 0.311 0.000 4.90
5.147 0.457 1.000 -0.788 0.534 0.000 -1.637 0.310 0.000 4.91
5.139 0.463 1.000 -0.804 0.537 0.000 -1.627 0.309 0.000 4.92
5.131 0.468 1.000 -0.820 0.540 0.000 -1.618 0.307 0.000 4.93
5.123 0.474 1.000 -0.836 0.543 0.000 -1.608 0.306 0.000 4.94
5.114 0.479 1.000 -0.852 0.546 0.000 -1.598 0.304 0.000 4.95
5.106 0.484 1.000 -0.868 0.549 0.000 -1.588 0.303 0.000 4.96
5.097 0.490 1.000 -0.884 0.552 0.000 -1.578 0.301 0.000 4.97
5.088 0.496 1.000 -0.900 0.555 0.000 -1.568 0.300 0.000 4.98
5.079 0.501 1.000 -0.915 0.558 0.000 -1.558 0.298 0.000 4.99
5.070 0.507 1.000 -0.931 0.561 0.000 -1.548 0.296 0.000 5.00
5.060 0.512 1.000 -0.946 0.564 0.000 -1.537 0.294 0.000 5.01
5.051 0.518 1.000 -0.962 0.567 0.000 -1.527 0.293 0.000 5.02
5.041 0.524 1.000 -0.977 0.570 0.000 -1.516 0.291 0.000 5.03
5.031 0.529 1.000 -0.992 0.573 0.000 -1.506 0.289 0.000 5.04
5.021 0.535 1.000 -1.007 0.575 0.000 -1.495 0.287 0.000 5.05
5.011 0.541 1.000 -1.022 0.578 0.000 -1.484 0.285 0.000 5.06
5.001 0.547 1.000 -1.037 0.581 0.000 -1.473 0.283 0.000 5.07
4.990 0.552 1.000 -1.051 0.584 0.000 -1.463 0.281 0.000 5.08
4.980 0.558 1.000 -1.066 0.587 0.000 -1.452 0.279 0.000 5.09
4.969 0.564 1.000 -1.080 0.590 0.000 -1.440 0.277 0.000 5.10
4.958 0.570 1.000 -1.095 0.592 0.000 -1.429 0.275 0.000 5.11
4.947 0.576 1.000 -1.109 0.595 0.000 -1.418 0.272 0.000 5.12
4.936 0.582 1.000 -1.123 0.598 0.000 -1.407 0.270 0.000 5.13
4.925 0.588 1.000 -1.137 0.600 0.000 -1.395 0.268 0.000 5.14
4.913 0.594 1.000 -1.151 0.603 0.000 -1.384 0.265 0.000 5.15
4.902 0.600 1.000 -1.165 0.606 0.000 -1.373 0.263 0.000 5.16
4.890 0.606 1.000 -1.178 0.608 0.000 -1.361 0.261 0.000 5.17
4.878 0.612 1.000 -1.192 0.611 0.000 -1.349 0.258 0.000 5.18
4.866 0.618 1.000 -1.205 0.614 0.000 -1.338 0.256 0.000 5.19
4.854 0.625 1.000 -1.219 0.616 0.000 -1.326 0.253 0.000 5.20
4.842 0.631 1.000 -1.232 0.619 0.000 -1.314 0.251 0.000 5.21
4.829 0.637 1.000 -1.245 0.621 0.000 -1.302 0.248 0.000 5.22
4.817 0.643 1.000 -1.258 0.624 0.000 -1.290 0.245 0.000 5.23
4.804 0.649 1.000 -1.271 0.626 0.000 -1.278 0.243 0.000 5.24
4.791 0.656 1.000 -1.284 0.628 0.000 -1.266 0.240 0.000 5.25
4.779 0.662 1.000 -1.296 0.631 0.000 -1.254 0.237 0.000 5.26
4.766 0.668 1.000 -1.309 0.633 0.000 -1.242 0.234 0.000 5.27
4.752 0.675 1.000 -1.321 0.635 0.000 -1.230 0.231 0.000 5.28
4.739 0.681 1.000 -1.333 0.638 0.000 -1.218 0.228 0.000 5.29
4.726 0.687 1.000 -1.345 0.640 0.000 -1.205 0.225 0.000 5.30
4.712 0.694 1.000 -1.357 0.642 0.000 -1.193 0.222 0.000 5.31
4.699 0.700 1.000 -1.369 0.644 0.000 -1.181 0.219 0.000 5.32
4.685 0.707 1.000 -1.381 0.647 0.000 -1.168 0.216 0.000 5.33
4.671 0.713 1.000 -1.393 0.649 0.000 -1.156 0.213 0.000 5.34
4.657 0.720 1.000 -1.404 0.651 0.000 -1.143 0.210 0.000 5.35
4.643 0.726 1.000 -1.415 0.653 0.000 -1.131 0.207 0.000 5.36
4.629 0.733 1.000 -1.427 0.655 0.000 -1.118 0.203 0.000 5.37
4.614 0.739 1.000 -1.438 0.657 0.000 -1.105 0.200 0.000 5.38
4.600 0.746 1.000 -1.449 0.659 0.000 -1.093 0.197 0.000 5.39
4.585 0.752 1.000 -1.460 0.661 0.000 -1.080 0.193 0.000 5.40
4.571 0.759 1.000 -1.470 0.663 0.000 -1.067 0.190 0.000 5.41
4.556 0.766 1.000 -1.481 0.665 0.000 -1.054 0.187 0.000 5.42
4.541 0.772 1.000 -1.491 0.667 0.000 -1.041 0.183 0.000 5.43
4.526 0.779 1.000 -1.502 0.668 0.000 -1.029 0.180 0.000 5.44
4.511 0.786 1.000 -1.512 0.670 0.000 -1.016 0.176 0.000 5.45
4.496 0.792 1.000 -1.522 0.672 0.000 -1.003 0.172 0.000 5.46
4.481 0.799 1.000 -1.532 0.674 0.000 -0.990 0.169 0.000 5.47
4.465 0.806 1.000 -1.542 0.675 0.000 -0.977 0.165 0.000 5.48
4.450 0.813 1.000 -1.552 0.677 0.000 -0.964 0.161 0.000 5.49
4.434 0.819 1.000 -1.561 0.679 0.000 -0.951 0.157 0.000 5.50
4.419 0.826 1.000 -1.571 0.680 0.000 -0.938 0.154 0.000 5.51
4.403 0.833 1.000 -1.580 0.682 0.000 -0.925 0.150 0.000 5.52
4.387 0.840 1.000 -1.589 0.683 0.000 -0.911 0.146 0.000 5.53
4.371 0.847 1.000 -1.598 0.685 0.000 -0.898 0.142 0.000 5.54
4.355 0.854 1.000 -1.607 0.686 0.000 -0.885 0.138 0.000 5.55
4.339 0.860 1.000 -1.616 0.687 0.000 -0.872 0.134 0.000 5.56
4.323 0.867 1.000 -1.625 0.689 0.000 -0.859 0.130 0.000 5.57
4.306 0.874 1.000 -1.633 0.690 0.000 -0.846 0.126 0.000 5.58
4.290 0.881 1.000 -1.641 0.691 0.000 -0.832 0.122 0.000 5.59
4.274 0.888 1.000 -1.650 0.692 0.000 -0.819 0.118 0.000 5.60
4.257 0.895 1.000 -1.658 0.694 0.000 -0.806 0.113 0.000 5.61
4.240 0.902 1.000 -1.666 0.695 0.000 -0.793 0.109 0.000 5.62
4.224 0.909 1.000 -1.674 0.696 0.000 -0.779 0.105 0.000 5.63
4.207 0.916 1.000 -1.681 0.697 0.000 -0.766 0.100 0.000 5.64
4.190 0.923 1.000 -1.689 0.698 0.000 -0.753 0.096 0.000 5.65
4.173 0.930 1.000 -1.696 0.699 0.000 -0.739 0.092 0.000 5.66
4.156 0.937 1.000 -1.704 0.700 0.000 -0.726 0.087 0.000 5.67
4.139 0.944 1.000 -1.711 0.700 0.000 -0.713 0.083 0.000 5.68
4.122 0.951 1.000 -1.718 0.701 0.000 -0.700 0.078 0.000 5.69
4.105 0.958 1.000 -1.725 0.702 0.000 -0.686 0.074 0.000 5.70
4.087 0.965 1.000 -1.732 0.703 0.000 -0.673 0.069 0.000 5.71
4.070 0.972 1.000 -1.738 0.703 0.000 -0.660 0.065 0.000 5.72
4.053 0.979 1.000 -1.745 0.704 0.000 -0.646 0.060 -0.000 5.73
4.035 0.986 1.000 -1.751 0.705 0.000 -0.633 0.055 -0.000 5.74
4.018 0.993 1.000 -1.758 0.705 0.000 -0.620 0.051 -0.000 5.75
4.000 1.000 1.000 -1.764 0.706 0.000 -0.607 0.046 -0.000 5.76
3.982 1.007 1.000 -1.770 0.706 0.000 -0.594 0.041 -0.000 5.77
3.965 1.014 1.000 -1.776 0.706 0.000 -0.580 0.036 -0.000 5.78
3.947 1.021 1.000 -1.781 0.707 0.000 -0.567 0.031 -0.000 5.79
3.929 1.028 1.000 -1.787 0.707 0.000 -0.554 0.026 -0.000 5.80
3.911 1.035 1.000 -1.792 0.707 0.000 -0.541 0.022 -0.000 5.81
3.893 1.042 1.000 -1.798 0.707 0.000 -0.528 0.017 -0.000 5.82
3.875 1.049 1.000 -1.803 0.708 0.000 -0.515 0.012 -0.000 5.83
3.857 1.057 1.000 -1.808 0.708 0.000 -0.502 0.007 -0.000 5.84
3.839 1.064 1.000 -1.813 0.708 0.000 -0.489 0.002 -0.000 5.85
3.821 1.071 1.000 -1.818 0.708 0.000 -0.476 -0.003 -0.000 5.86
3.803 1.078 1.000 -1.823 0.708 0.000 -0.463 -0.009 -0.000 5.87
3.784 1.085 1.000 -1.827 0.708 0.000 -0.450 -0.014 -0.000 5.88
3.766 1.092 1.000 -1.832 0.707 0.000 -0.437 -0.019 -0.000 5.89
3.748 1.099 1.000 -1.836 0.707 0.000 -0.424 -0.024 -0.000 5.90
3.729 1.106 1.000 -1.840 0.707 0.000 -0.411 -0.029 -0.000 5.91
3.711 1.113 1.000 -1.844 0.707 0.000 -0.398 -0.034 -0.000 5.92
3.692 1.120 1.000 -1.848 0.706 0.000 -0.386 -0.040 -0.000 5.93
3.674 1.127 1.000 -1.852 0.706 0.000 -0.373 -0.045 -0.000 5.94
3.655 1.134 1.000 -1.855 0.705 0.000 -0.360 -0.050 -0.000 5.95
3.637 1.141 1.000 -1.859 0.705 0.000 -0.347 -0.056 -0.000 5.96
3.618 1.148 1.000 -1.862 0.704 0.000 -0.335 -0.061 -0.000 5.97
3.600 1.155 1.000 -1.866 0.704 0.000 -0.322 -0.066 -0.000 5.98
3.581 1.162 1.000 -1.869 0.703 0.000 -0.310 -0.072 -0.000 5.99
3.562 1.170 1.000 -1.872 0.702 0.000 -0.297 -0.077 -0.000 6.00
3.543 1.177 1.000 -1.875 0.701 0.000 -0.285 -0.082 -0.000 6.01
3.525 1.184 1.000 -1.878 0.700 0.000 -0.272 -0.088 -0.000 6.02
3.506 1.191 1.000 -1.880 0.700 0.000 -0.260 -0.093 -0.000 6.03
3.487 1.198 1.000 -1.883 0.699 0.000 -0.247 -0.099 -0.000 6.04
3.468 1.205 1.000 -1.885 0.698 0.000 -0.235 -0.104 -0.000 6.05
3.449 1.211 1.000 -1.887 0.697 0.000 -0.223 -0.110 -0.000 6.06
3.431 1.218 1.000 -1.890 0.695 0.000 -0.211 -0.115 -0.000 6.07
3.412 1.225 1.000 -1.892 0.694 0.000 -0.198 -0.121 -0.000 6.08
3.393 1.232 1.000 -1.894 0.693 0.000 -0.186 -0.126 -0.000 6.09
3.374 1.239 1.000 -1.895 0.692 0.000 -0.174 -0.132 -0.000 6.10
3.355 1.246 1.000 -1.897 0.690 0.000 -0.162 -0.138 -0.000 6.11
3.336 1.253 1.000 -1.899 0.689 0.000 -0.150 -0.143 -0.000 6.12
3.317 1.260 1.000 -1.900 0.687 0.000 -0.138 -0.149 -0.000 6.13
3.298 1.267 1.000 -1.901 0.686 0.000 -0.126 -0.154 -0.000 6.14
3.279 1.274 1.000 -1.903 0.684 0.000 -0.114 -0.160 -0.000 6.15
3.260 1.280 1.000 -1.904 0.683 0.000 -0.103 -0.166 -0.000 6.16
3.241 1.287 1.000 -1.905 0.681 0.000 -0.091 -0.171 -0.000 6.17
3.222 1.294 1.000 -1.906 0.679 0.000 -0.079 -0.177 -0.000 6.18
3.203 1.301 1.000 -1.906 0.678 0.000 -0.068 -0.183 -0.000 6.19
3.184 1.308 1.000 -1.907 0.676 0.000 -0.056 -0.188 -0.000 6.20
3.164 1.314 1.000 -1.907 0.674 0.000 -0.044 -0.194 -0.000 6.21
3.145 1.321 1.000 -1.908 0.672 0.000 -0.033 -0.200 -0.000 6.22
3.126 1.328 1.000 -1.908 0.670 0.000 -0.021 -0.205 -0.000 6.23
3.107 1.335 1.000 -1.908 0.668 0.000 -0.010 -0.211 -0.000 6.24
3.088 1.341 1.000 -1.908 0.666 0.000 0.001 -0.217 -0.000 6.25
3.069 1.348 1.000 -1.908 0.663 0.000 0.012 -0.223 -0.000 6.26
3.050 1.354 1.000 -1.908 0.661 0.000 0.024 -0.228 -0.000 6.27
3.031 1.361 1.000 -1.908 0.659 0.000 0.035 -0.234 -0.000 6.28
3.012 1.368 1.000 -1.907 0.656 0.000 0.046 -0.240 -0.000 6.29
2.993 1.374 1.000 -1.907 0.654 0.000 0.057 -0.246 -0.000 6.30
2.974 1.381 1.000 -1.906 0.652 0.000 0.068 -0.251 -0.000 6.31
2.955 1.387 1.000 -1.905 0.649 0.000 0.079 -0.257 -0.000 6.32
2.936 1.394 1.000 -1.905 0.646 0.000 0.090 -0.263 -0.000 6.33
2.917 1.400 1.000 -1.904 0.644 0.000 0.100 -0.268 -0.000 6.34
2.898 1.407 1.000 -1.903 0.641 0.000 0.111 -0.274 -0.000 6.35
2.879 1.413 1.000 -1.901 0.638 0.000 0.122 -0.280 -0.000 6.36
2.859 1.419 1.000 -1.900 0.635 0.000 0.132 -0.286 -0.000 6.37
2.841 1.426 1.000 -1.899 0.633 0.000 0.143 -0.292 -0.000 6.38
2.822 1.432 1.000 -1.897 0.630 0.000 0.153 -0.297 -0.000 6.39
2.803 1.438 1.000 -1.896 0.627 0.000 0.164 -0.303 -0.000 6.40
2.784 1.445 1.000 -1.894 0.624 0.000 0.174 -0.309 -0.000 6.41
2.765 1.451 1.000 -1.892 0.620 0.000 0.184 -0.314 -0.000 6.42
2.746 1.457 1.000 -1.890 0.617 0.000 0.194 -0.320 -0.000 6.43
2.727 1.463 1.000 -1.888 0.614 0.000 0.205 -0.326 -0.000 6.44
2.708 1.469 1.000 -1.886 0.611 0.000 0.215 -0.332 -0.000 6.45
2.689 1.475 1.000 -1.884 0.607 0.000 0.225 -0.337 -0.000 6.46
2.670 1.481 1.000 -1.882 0.604 0.000 0.234 -0.343 -0.000 6.47
2.652 1.487 1.000 -1.879 0.601 0.000 0.244 -0.349 -0.000 6.48
2.633 1.493 1.000 -1.877 0.597 0.000 0.254 -0.355 -0.000 6.49
2.614 1.499 1.000 -1.874 0.593 0.000 0.264 -0.360 -0.000 6.50
2.595 1.505 1.000 -1.872 0.590 0.000 0.273 -0.366 -0.000 6.51
2.577 1.511 1.000 -1.869 0.586 0.000 0.283 -0.372 -0.000 6.52
2.558 1.517 1.000 -1.866 0.582 0.000 0.292 -0.377 -0.000 6.53
2.539 1.523 1.000 -1.863 0.579 0.000 0.302 -0.383 -0.000 6.54
2.521 1.529 1.000 -1.860 0.575 0.000 0.311 -0.389 -0.000 6.55
2.502 1.534 1.000 -1.857 0.571 0.000 0.321 -0.394 -0.000 6.56
2.483 1.540 1.000 -1.853 0.567 0.000 0.330 -0.400 -0.000 6.57
2.465 1.546 1.000 -1.850 0.563 0.000 0.339 -0.405 -0.000 6.58
2.446 1.551 1.000 -1.847 0.559 0.000 0.348 -0.411 -0.000 6.59
2.428 1.557 1.000 -1.843 0.555 0.000 0.357 -0.417 -0.000 6.60
2.410 1.562 1.000 -1.840 0.550 0.000 0.366 -0.422 -0.000 6.61
2.391 1.568 1.000 -1.836 0.546 0.000 0.375 -0.428 -0.000 6.62
2.373 1.573 1.000 -1.832 0.542 0.000 0.383 -0.433 -0.000 6.63
2.355 1.579 1.000 -1.828 0.537 0.000 0.392 -0.439 -0.000 6.64
2.336 1.584 1.000 -1.824 0.533 0.000 0.401 -0.444 -0.000 6.65
2.318 1.589 1.000 -1.820 0.529 0.000 0.409 -0.450 -0.000 6.66
2.300 1.595 1.000 -1.816 0.524 0.000 0.418 -0.455 -0.000 6.67
2.282 1.600 1.000 -1.812 0.519 0.000 0.426 -0.461 -0.000 6.68
2.264 1.605 1.000 -1.808 0.515 0.000 0.434 -0.466 -0.000 6.69
2.246 1.610 1.000 -1.803 0.510 0.000 0.442 -0.472 -0.000 6.70
2.228 1.615 1.000 -1.799 0.505 0.000 0.451 -0.477 -0.000 6.71
2.210 1.620 1.000 -1.794 0.501 0.000 0.459 -0.482 -0.000 6.72
2.192 1.625 1.000 -1.790 0.496 0.000 0.467 -0.488 -0.000 6.73
2.174 1.630 1.000 -1.785 0.491 0.000 0.475 -0.493 -0.000 6.74
2.156 1.635 1.000 -1.780 0.486 0.000 0.482 -0.498 -0.000 6.75
2.138 1.640 1.000 -1.775 0.481 0.000 0.490 -0.504 -0.000 6.76
2.121 1.645 1.000 -1.770 0.476 0.000 0.498 -0.509 -0.000 6.77
2.103 1.649 1.000 -1.765 0.471 0.000 0.505 -0.514 -0.000 6.78
2.085 1.654 1.000 -1.760 0.466 0.000 0.513 -0.519 -0.000 6.79
2.068 1.659 1.000 -1.755 0.460 0.000 0.520 -0.524 -0.000 6.80
2.050 1.663 1.000 -1.750 0.455 0.000 0.528 -0.530 -0.000 6.81
2.033 1.668 1.000 -1.744 0.450 0.000 0.535 -0.535 -0.000 6.82
2.015 1.672 1.000 -1.739 0.444 0.000 0.542 -0.540 -0.000 6.83
1.998 1.677 1.000 -1.734 0.439 0.000 0.549 -0.545 -0.000 6.84
1.981 1.681 1.000 -1.728 0.433 0.000 0.556 -0.550 -0.000 6.85
1.963 1.685 1.000 -1.722 0.428 0.000 0.563 -0.555 -0.000 6.86
1.946 1.690 1.000 -1.717 0.422 0.000 0.570 -0.560 -0.000 6.87
1.929 1.694 1.000 -1.711 0.417 0.000 0.577 -0.565 -0.000 6.88
1.912 1.698 1.000 -1.705 0.411 0.000 0.583 -0.570 -0.000 6.89
1.895 1.702 1.000 -1.699 0.405 0.000 0.590 -0.574 -0.000 6.90
1.878 1.706 1.000 -1.693 0.400 0.000 0.597 -0.579 -0.000 6.91
1.861 1.710 1.000 -1.687 0.394 0.000 0.603 -0.584 -0.000 6.92
1.844 1.714 1.000 -1.681 0.388 0.000 0.609 -0.589 -0.000 6.93
1.827 1.718 1.000 -1.675 0.382 0.000 0.616 -0.593 -0.000 6.94
1.811 1.721 1.000 -1.669 0.376 0.000 0.622 -0.598 -0.000 6.95
1.794 1.725 1.000 -1.663 0.370 0.000 0.628 -0.603 -0.000 6.96
1.777 1.729 1.000 -1.657 0.364 0.000 0.634 -0.607 -0.000 6.97
1.761 1.732 1.000 -1.650 0.358 0.000 0.640 -0.612 -0.000 6.98
1.744 1.736 1.000 -1.644 0.352 0.000 0.646 -0.616 -0.000 6.99
1.728 1.740 1.000 -1.637 0.346 0.000 0.652 -0.621 -0.000 7.00
1.712 1.743 1.000 -1.631 0.339 0.000 0.657 -0.625 -0.000 7.01
1.695 1.746 1.000 -1.624 0.333 0.000 0.663 -0.630 -0.000 7.02
1.679 1.750 1.000 -1.617 0.327 0.000 0.668 -0.634 -0.000 7.03
1.663 1.753 1.000 -1.611 0.320 0.000 0.674 -0.638 -0.000 7.04
1.647 1.756 1.000 -1.604 0.314 0.000 0.679 -0.642 -0.000 7.05
1.631 1.759 1.000 -1.597 0.308 0.000 0.684 -0.647 -0.000 7.06
1.615 1.762 1.000 -1.590 0.301 0.000 0.690 -0.651 -0.000 7.07
1.599 1.765 1.000 -1.583 0.295 0.000 0.695 -0.655 -0.000 7.08
1.583 1.768 1.000 -1.576 0.288 0.000 0.700 -0.659 -0.000 7.09
1.568 1.771 1.000 -1.569 0.281 0.000 0.705 -0.663 -0.000 7.10
1.552 1.774 1.000 -1.562 0.275 0.000 0.710 -0.667 -0.000 7.11
1.536 1.776 1.000 -1.555 0.268 0.000 0.714 -0.671 -0.000 7.12
1.521 1.779 1.000 -1.548 0.261 0.000 0.719 -0.674 -0.000 7.13
1.505 1.782 1.000 -1.541 0.254 0.000 0.724 -0.678 -0.000 7.14
1.490 1.784 1.000 -1.534 0.248 0.000 0.728 -0.682 -0.000 7.15
1.475 1.787 1.000 -1.526 0.241 0.000 0.733 -0.686 -0.000 7.16
1.460 1.789 1.000 -1.519 0.234 0.000 0.737 -0.689 -0.000 7.17
1.444 1.791 1.000 -1.511 0.227 0.000 0.741 -0.693 -0.000 7.18
1.429 1.793 1.000 -1.504 0.220 0.000 0.745 -0.696 -0.000 7.19
1.414 1.796 1.000 -1.497 0.213 0.000 0.750 -0.700 -0.000 7.20
1.399 1.798 1.000 -1.489 0.206 0.000 0.754 -0.703 -0.000 7.21
1.385 1.800 1.000 -1.482 0.199 0.000 0.758 -0.707 -0.000 7.22
1.370 1.802 1.000 -1.474 0.192 0.000 0.761 -0.710 -0.000 7.23
1.355 1.804 1.000 -1.466 0.185 0.000 0.765 -0.713 -0.000 7.24
1.340 1.805 1.000 -1.459 0.178 0.000 0.769 -0.716 -0.000 7.25
1.326 1.807 1.000 -1.451 0.171 0.000 0.773 -0.719 -0.000 7.26
1.311 1.809 1.000 -1.443 0.163 0.000 0.776 -0.722 -0.000 7.27
1.297 1.810 1.000 -1.435 0.156 0.000 0.779 -0.725 -0.000 7.28
1.283 1.812 1.000 -1.428 0.149 0.000 0.783 -0.728 -0.000 7.29
1.268 1.813 1.000 -1.420 0.142 0.000 0.786 -0.731 -0.000 7.30
1.254 1.815 1.000 -1.412 0.134 0.000 0.789 -0.734 -0.000 7.31
1.240 1.816 1.000 -1.404 0.127 0.000 0.792 -0.737 -0.000 7.32
1.226 1.817 1.000 -1.396 0.119 0.000 0.796 -0.739 -0.000 7.33
1.212 1.818 1.000 -1.388 0.112 0.000 0.798 -0.742 -0.000 7.34
1.198 1.820 1.000 -1.380 0.105 0.000 0.801 -0.744 -0.000 7.35
1.185 1.821 1.000 -1.372 0.097 0.000 0.804 -0.747 -0.000 7.36
1.171 1.822 1.000 -1.364 0.090 0.000 0.807 -0.749 -0.000 7.37
1.157 1.822 1.000 -1.356 0.082 0.000 0.809 -0.752 -0.000 7.38
1.144 1.823 1.000 -1.348 0.075 0.000 0.812 -0.754 -0.000 7.39
1.130 1.824 1.000 -1.340 0.067 0.000 0.815 -0.756 -0.000 7.40
1.117 1.825 1.000 -1.331 0.060 0.000 0.817 -0.758 -0.000 7.41
1.104 1.825 1.000 -1.323 0.052 0.000 0.819 -0.760 -0.000 7.42
1.091 1.826 1.000 -1.315 0.044 0.000 0.821 -0.762 -0.000 7.43
1.078 1.826 1.000 -1.307 0.037 0.000 0.824 -0.764 -0.000 7.44
1.065 1.826 1.000 -1.299 0.029 0.000 0.826 -0.766 -0.000 7.45
1.052 1.827 1.000 -1.290 0.021 0.000 0.828 -0.768 -0.000 7.46
1.039 1.827 1.000 -1.282 0.014 0.000 0.830 -0.769 -0.000 7.47
1.026 1.827 1.000 -1.274 0.006 0.000 0.831 -0.771 -0.000 7.48
1.013 1.827 1.000 -1.265 -0.002 0.000 0.833 -0.772 -0.000 7.49
1.001 1.827 1.000 -1.257 -0.009 -0.000 0.835 -0.774 -0.000 7.50
0.988 1.827 1.000 -1.249 -0.017 -0.000 0.836 -0.775 -0.000 7.51
0.976 1.826 1.000 -1.240 -0.025 -0.000 0.838 -0.776 -0.000 7.52
0.963 1.826 1.000 -1.232 -0.033 -0.000 0.839 -0.778 -0.000 7.53
0.951 1.826 1.000 -1.224 -0.040 -0.000 0.841 -0.779 -0.000 7.54
0.939 1.825 1.000 -1.215 -0.048 -0.000 0.842 -0.780 -0.000 7.55
0.927 1.825 1.000 -1.207 -0.056 -0.000 0.843 -0.781 -0.000 7.56
0.915 1.824 1.000 -1.198 -0.064 -0.000 0.844 -0.782 -0.000 7.57
0.903 1.824 1.000 -1.190 -0.072 -0.000 0.846 -0.783 -0.000 7.58
0.891 1.823 1.000 -1.181 -0.080 -0.000 0.847 -0.783 -0.000 7.59
0.879 1.822 1.000 -1.173 -0.087 -0.000 0.847 -0.784 -0.000 7.60
0.867 1.821 1.000 -1.164 -0.095 -0.000 0.848 -0.785 -0.000 7.61
0.856 1.820 1.000 -1.156 -0.103 -0.000 0.849 -0.785 -0.000 7.62
0.844 1.819 1.000 -1.147 -0.111 -0.000 0.850 -0.786 -0.000 7.63
0.833 1.818 1.000 -1.139 -0.119 -0.000 0.850 -0.786 -0.000 7.64
0.822 1.817 1.000 -1.130 -0.127 -0.000 0.851 -0.786 -0.000 7.65
0.810 1.815 1.000 -1.122 -0.134 -0.000 0.851 -0.786 -0.000 7.66
0.799 1.814 1.000 -1.113 -0.142 -0.000 0.852 -0.787 -0.000 7.67
0.788 1.812 1.000 -1.105 -0.150 -0.000 0.852 -0.787 -0.000 7.68
0.777 1.811 1.000 -1.096 -0.158 -0.000 0.852 -0.786 -0.000 7.69
0.766 1.809 1.000 -1.088 -0.166 -0.000 0.853 -0.786 -0.000 7.70
0.755 1.808 1.000 -1.079 -0.174 -0.000 0.853 -0.786 -0.000 7.71
0.744 1.806 1.000 -1.071 -0.182 -0.000 0.853 -0.786 -0.000 7.72
0.734 1.804 1.000 -1.062 -0.190 -0.000 0.853 -0.785 -0.000 7.73
0.723 1.802 1.000 -1.054 -0.197 -0.000 0.853 -0.785 -0.000 7.74
0.713 1.800 1.000 -1.045 -0.205 -0.000 0.852 -0.784 -0.000 7.75
0.702 1.798 1.000 -1.037 -0.213 -0.000 0.852 -0.784 -0.000 7.76
0.692 1.796 1.000 -1.028 -0.221 -0.000 0.852 -0.783 -0.000 7.77
0.682 1.793 1.000 -1.020 -0.229 -0.000 0.852 -0.782 -0.000 7.78
0.672 1.791 1.000 -1.011 -0.237 -0.000 0.851 -0.781 -0.000 7.79
0.662 1.789 1.000 -1.003 -0.244 -0.000 0.851 -0.780 -0.000 7.80
0.652 1.786 1.000 -0.994 -0.252 -0.000 0.850 -0.779 -0.000 7.81
0.642 1.784 1.000 -0.986 -0.260 -0.000 0.849 -0.778 -0.000 7.82
0.632 1.781 1.000 -0.977 -0.268 -0.000 0.849 -0.777 -0.000 7.83
0.622 1.778 1.000 -0.969 -0.275 -0.000 0.848 -0.776 -0.000 7.84
0.612 1.776 1.000 -0.960 -0.283 -0.000 0.847 -0.774 -0.000 7.85
0.603 1.773 1.000 -0.952 -0.291 -0.000 0.846 -0.773 -0.000 7.86
0.593 1.770 1.000 -0.943 -0.299 -0.000 0.845 -0.771 -0.000 7.87
0.584 1.767 1.000 -0.935 -0.306 -0.000 0.844 -0.769 -0.000 7.88
0.575 1.764 1.000 -0.926 -0.314 -0.000 0.843 -0.768 -0.000 7.89
0.566 1.760 1.000 -0.918 -0.322 -0.000 0.842 -0.766 -0.000 7.90
0.556 1.757 1.000 -0.910 -0.329 -0.000 0.841 -0.764 -0.000 7.91
0.547 1.754 1.000 -0.901 -0.337 -0.000 0.839 -0.762 -0.000 7.92
0.538 1.750 1.000 -0.893 -0.345 -0.000 0.838 -0.760 -0.000 7.93
0.529 1.747 1.000 -0.884 -0.352 -0.000 0.836 -0.758 -0.000 7.94
0.521 1.743 1.000 -0.876 -0.360 -0.000 0.835 -0.755 -0.000 7.95
0.512 1.740 1.000 -0.868 -0.367 -0.000 0.833 -0.753 -0.000 7.96
0.503 1.736 1.000 -0.859 -0.375 -0.000 0.832 -0.750 -0.000 7.97
0.495 1.732 1.000 -0.851 -0.382 -0.000 0.830 -0.748 -0.000 7.98
0.486 1.728 1.000 -0.843 -0.390 -0.000 0.828 -0.745 -0.000 7.99
0.478 1.724 1.000 -0.834 -0.397 -0.000 0.827 -0.743 -0.000 8.00
0.470 1.720 1.000 -0.826 -0.405 -0.000 0.825 -0.740 -0.000 8.01
0.461 1.716 1.000 -0.818 -0.412 -0.000 0.823 -0.737 -0.000 8.02
0.453 1.712 1.000 -0.810 -0.419 -0.000 0.821 -0.734 -0.000 8.03
0.445 1.708 1.000 -0.802 -0.427 -0.000 0.819 -0.731 -0.000 8.04
0.437 1.704 1.000 -0.793 -0.434 -0.000 0.817 -0.728 -0.000 8.05
0.429 1.699 1.000 -0.785 -0.441 -0.000 0.815 -0.725 -0.000 8.06
0.422 1.695 1.000 -0.777 -0.448 -0.000 0.813 -0.721 -0.000 8.07
0.414 1.690 1.000 -0.769 -0.456 -0.000 0.810 -0.718 -0.000 8.08
0.406 1.686 1.000 -0.761 -0.463 -0.000 0.808 -0.714 -0.000 8.09
0.399 1.681 1.000 -0.753 -0.470 -0.000 0.806 -0.711 -0.000 8.10
0.391 1.676 1.000 -0.745 -0.477 -0.000 0.803 -0.707 -0.000 8.11
0.384 1.672 1.000 -0.737 -0.484 -0.000 0.801 -0.703 -0.000 8.12
0.376 1.667 1.000 -0.729 -0.491 -0.000 0.798 -0.700 -0.000 8.13
0.369 1.662 1.000 -0.721 -0.498 -0.000 0.796 -0.696 -0.000 8.14
0.362 1.657 1.000 -0.713 -0.505 -0.000 0.793 -0.692 -0.000 8.15
0.355 1.652 1.000 -0.705 -0.512 -0.000 0.791 -0.688 -0.000 8.16
0.348 1.646 1.000 -0.697 -0.519 -0.000 0.788 -0.684 -0.000 8.17
0.341 1.641 1.000 -0.689 -0.526 -0.000 0.785 -0.679 -0.000 8.18
0.334 1.636 1.000 -0.681 -0.532 -0.000 0.782 -0.675 -0.000 8.19
0.327 1.631 1.000 -0.674 -0.539 -0.000 0.779 -0.671 -0.000 8.20
0.321 1.625 1.000 -0.666 -0.546 -0.000 0.777 -0.666 -0.000 8.21
0.314 1.620 1.000 -0.658 -0.552 -0.000 0.774 -0.662 -0.000 8.22
0.307 1.614 1.000 -0.650 -0.559 -0.000 0.771 -0.657 -0.000 8.23
0.301 1.608 1.000 -0.643 -0.566 -0.000 0.768 -0.652 -0.000 8.24
0.295 1.603 1.000 -0.635 -0.572 -0.000 0.765 -0.648 -0.000 8.25
0.288 1.597 1.000 -0.627 -0.579 -0.000 0.761 -0.643 -0.000 8.26
0.282 1.591 1.000 -0.620 -0.585 -0.000 0.758 -0.638 -0.000 8.27
0.276 1.585 1.000 -0.612 -0.591 -0.000 0.755 -0.633 -0.000 8.28
0.270 1.579 1.000 -0.605 -0.598 -0.000 0.752 -0.628 -0.000 8.29
0.264 1.573 1.000 -0.597 -0.604 -0.000 0.748 -0.622 -0.000 8.30
0.258 1.567 1.000 -0.590 -0.610 -0.000 0.745 -0.617 -0.000 8.31
0.252 1.561 1.000 -0.582 -0.616 -0.000 0.742 -0.612 -0.000 8.32
0.246 1.555 1.000 -0.575 -0.622 -0.000 0.738 -0.606 -0.000 8.33
0.240 1.549 1.000 -0.567 -0.628 -0.000 0.735 -0.601 -0.000 8.34
0.235 1.542 1.000 -0.560 -0.634 -0.000 0.731 -0.595 -0.000 8.35
0.229 1.536 1.000 -0.553 -0.640 -0.000 0.728 -0.590 -0.000 8.36
0.224 1.530 1.000 -0.546 -0.646 -0.000 0.724 -0.584 0.000 8.37
0.218 1.523 1.000 -0.538 -0.652 -0.000 0.720 -0.578 0.000 8.38
0.213 1.517 1.000 -0.531 -0.658 -0.000 0.717 -0.572 0.000 8.39
0.208 1.510 1.000 -0.524 -0.663 -0.000 0.713 -0.567 0.000 8.40
0.203 1.503 1.000 -0.517 -0.669 -0.000 0.709 -0.561 0.000 8.41
0.197 1.497 1.000 -0.510 -0.675 -0.000 0.705 -0.554 0.000 8.42
0.192 1.490 1.000 -0.503 -0.680 -0.000 0.702 -0.548 0.000 8.43
0.187 1.483 1.000 -0.496 -0.686 -0.000 0.698 -0.542 0.000 8.44
0.182 1.476 1.000 -0.489 -0.691 -0.000 0.694 -0.536 0.000 8.45
0.178 1.469 1.000 -0.482 -0.696 -0.000 0.690 -0.529 0.000 8.46
0.173 1.462 1.000 -0.475 -0.701 -0.000 0.686 -0.523 0.000 8.47
0.168 1.455 1.000 -0.468 -0.707 -0.000 0.682 -0.517 0.000 8.48
0.163 1.448 1.000 -0.461 -0.712 -0.000 0.678 -0.510 0.000 8.49
0.159 1.441 1.000 -0.455 -0.717 -0.000 0.674 -0.503 0.000 8.50
0.154 1.434 1.000 -0.448 -0.722 -0.000 0.670 -0.497 0.000 8.51
0.150 1.427 1.000 -0.441 -0.727 -0.000 0.666 -0.490 0.000 8.52
0.146 1.419 1.000 -0.435 -0.732 -0.000 0.662 -0.483 0.000 8.53
0.141 1.412 1.000 -0.428 -0.736 -0.000 0.657 -0.476 0.000 8.54
0.137 1.404 1.000 -0.421 -0.741 -0.000 0.653 -0.469 0.000 8.55
0.133 1.397 1.000 -0.415 -0.746 -0.000 0.649 -0.462 0.000 8.56
0.129 1.390 1.000 -0.408 -0.750 -0.000 0.645 -0.455 0.000 8.57
0.125 1.382 1.000 -0.402 -0.755 -0.000 0.640 -0.448 0.000 8.58
0.121 1.374 1.000 -0.396 -0.759 -0.000 0.636 -0.441 0.000 8.59
0.117 1.367 1.000 -0.389 -0.764 -0.000 0.632 -0.434 0.000 8.60
0.113 1.359 1.000 -0.383 -0.768 -0.000 0.627 -0.426 0.000 8.61
0.109 1.351 1.000 -0.377 -0.772 -0.000 0.623 -0.419 0.000 8.62
0.105 1.344 1.000 -0.371 -0.776 -0.000 0.618 -0.412 0.000 8.63
0.102 1.336 1.000 -0.364 -0.781 -0.000 0.614 -0.404 0.000 8.64
0.098 1.328 1.000 -0.358 -0.785 -0.000 0.609 -0.397 0.000 8.65
0.094 1.320 1.000 -0.352 -0.788 -0.000 0.605 -0.389 0.000 8.66
0.091 1.312 1.000 -0.346 -0.792 -0.000 0.600 -0.381 0.000 8.67
0.088 1.304 1.000 -0.340 -0.796 -0.000 0.596 -0.374 0.000 8.68
0.084 1.296 1.000 -0.334 -0.800 -0.000 0.591 -0.366 0.000 8.69
0.081 1.288 1.000 -0.328 -0.803 -0.000 0.587 -0.358 0.000 8.70
0.078 1.280 1.000 -0.323 -0.807 -0.000 0.582 -0.350 0.000 8.71
0.074 1.272 1.000 -0.317 -0.810 -0.000 0.577 -0.342 0.000 8.72
0.071 1.264 1.000 -0.311 -0.814 -0.000 0.573 -0.334 0.000 8.73
0.068 1.256 1.000 -0.305 -0.817 -0.000 0.568 -0.326 0.000 8.74
0.065 1.248 1.000 -0.300 -0.820 -0.000 0.563 -0.318 0.000 8.75
0.062 1.240 1.000 -0.294 -0.823 -0.000 0.559 -0.310 0.000 8.76
0.059 1.231 1.000 -0.288 -0.827 -0.000 0.554 -0.302 0.000 8.77
0.056 1.223 1.000 -0.283 -0.830 -0.000 0.549 -0.293 0.000 8.78
0.054 1.215 1.000 -0.277 -0.832 -0.000 0.545 -0.285 0.000 8.79
0.051 1.206 1.000 -0.272 -0.835 -0.000 0.540 -0.277 0.000 8.80
0.048 1.198 1.000 -0.267 -0.838 -0.000 0.535 -0.268 0.000 8.81
0.046 1.190 1.000 -0.261 -0.841 -0.000 0.530 -0.260 0.000 8.82
0.043 1.181 1.000 -0.256 -0.843 -0.000 0.525 -0.251 0.000 8.83
0.040 1.173 1.000 -0.251 -0.846 -0.000 0.520 -0.243 0.000 8.84
0.038 1.164 1.000 -0.246 -0.848 -0.000 0.516 -0.234 0.000 8.85
0.035 1.156 1.000 -0.240 -0.850 -0.000 0.511 -0.225 0.000 8.86
0.033 1.147 1.000 -0.235 -0.852 -0.000 0.506 -0.217 0.000 8.87
0.031 1.139 1.000 -0.230 -0.855 -0.000 0.501 -0.208 0.000 8.88
0.029 1.130 1.000 -0.225 -0.857 -0.000 0.496 -0.199 0.000 8.89
0.026 1.122 1.000 -0.220 -0.859 -0.000 0.491 -0.190 0.000 8.90
0.024 1.113 1.000 -0.216 -0.860 -0.000 0.486 -0.182 0.000 8.91
0.022 1.104 1.000 -0.211 -0.862 -0.000 0.481 -0.173 0.000 8.92
0.020 1.096 1.000 -0.206 -0.864 -0.000 0.476 -0.164 0.000 8.93
0.018 1.087 1.000 -0.201 -0.866 -0.000 0.471 -0.155 0.000 8.94
0.016 1.079 1.000 -0.197 -0.867 -0.000 0.466 -0.146 0.000 8.95
0.014 1.070 1.000 -0.192 -0.868 -0.000 0.461 -0.136 0.000 8.96
0.012 1.061 1.000 -0.187 -0.870 -0.000 0.456 -0.127 0.000 8.97
0.010 1.052 1.000 -0.183 -0.871 -0.000 0.451 -0.118 0.000 8.98
0.008 1.044 1.000 -0.178 -0.872 -0.000 0.446 -0.109 0.000 8.99
0.007 1.035 1.000 -0.174 -0.873 -0.000 0.441 -0.099 0.000 9.00
0.005 1.026 1.000 -0.169 -0.874 -0.000 0.436 -0.090 0.000 9.01
0.003 1.018 1.000 -0.165 -0.875 -0.000 0.431 -0.081 0.000 9.02
0.002 1.009 1.000 -0.161 -0.876 -0.000 0.426 -0.071 0.000 9.03
0.000 1.000 1.000 -0.157 -0.876 -0.000 0.421 -0.062 0.000 9.04
-0.002 0.991 1.000 -0.152 -0.877 -0.000 0.416 -0.052 0.000 9.05
-0.003 0.982 1.000 -0.148 -0.877 -0.000 0.411 -0.043 0.000 9.06
-0.005 0.974 1.000 -0.144 -0.878 -0.000 0.406 -0.033 0.000 9.07
-0.006 0.965 1.000 -0.140 -0.878 -0.000 0.401 -0.024 0.000 9.08
-0.007 0.956 1.000 -0.136 -0.878 -0.000 0.396 -0.014 0.000 9.09
-0.009 0.947 1.000 -0.132 -0.878 -0.000 0.391 -0.004 0.000 9.10
-0.010 0.939 1.000 -0.128 -0.878 -0.000 0.386 0.005 0.000 9.11
-0.011 0.930 1.000 -0.124 -0.878 -0.000 0.381 0.015 0.000 9.12
-0.012 0.921 1.000 -0.121 -0.878 -0.000 0.376 0.025 0.000 9.13
-0.014 0.912 1.000 -0.117 -0.878 -0.000 0.371 0.034 0.000 9.14
-0.015 0.903 1.000 -0.113 -0.877 -0.000 0.366 0.044 0.000 9.15
-0.016 0.895 1.000 -0.110 -0.877 -0.000 0.361 0.053 0.000 9.16
-0.017 0.886 1.000 -0.106 -0.876 -0.000 0.356 0.063 0.000 9.17
-0.018 0.877 1.000 -0.102 -0.876 -0.000 0.351 0.072 0.000 9.18
-0.019 0.868 1.000 -0.099 -0.875 -0.000 0.346 0.082 0.000 9.19
-0.020 0.860 1.000 -0.096 -0.874 -0.000 0.341 0.091 0.000 9.20
-0.021 0.851 1.000 -0.092 -0.873 -0.000 0.336 0.101 0.000 9.21
-0.022 0.842 1.000 -0.089 -0.872 -0.000 0.331 0.110 0.000 9.22
-0.023 0.833 1.000 -0.086 -0.871 -0.000 0.327 0.119 0.000 9.23
-0.024 0.825 1.000 -0.082 -0.870 -0.000 0.322 0.128 0.000 9.24
-0.024 0.816 1.000 -0.079 -0.868 -0.000 0.317 0.138 0.000 9.25
-0.025 0.807 1.000 -0.076 -0.867 -0.000 0.312 0.147 0.000 9.26
-0.026 0.799 1.000 -0.073 -0.865 -0.000 0.307 0.156 0.000 9.27
-0.027 0.790 1.000 -0.070 -0.864 -0.000 0.302 0.165 0.000 9.28
-0.027 0.781 1.000 -0.067 -0.862 -0.000 0.298 0.174 0.000 9.29
-0.028 0.773 1.000 -0.064 -0.860 -0.000 0.293 0.182 0.000 9.30
-0.029 0.764 1.000 -0.061 -0.858 -0.000 0.288 0.191 0.000 9.31
-0.029 0.756 1.000 -0.058 -0.856 -0.000 0.283 0.200 0.000 9.32
-0.030 0.747 1.000 -0.055 -0.854 -0.000 0.279 0.209 0.000 9.33
-0.030 0.739 1.000 -0.053 -0.852 -0.000 0.274 0.217 0.000 9.34
-0.031 0.730 1.000 -0.050 -0.850 -0.000 0.269 0.226 0.000 9.35
-0.031 0.722 1.000 -0.047 -0.848 -0.000 0.265 0.234 0.000 9.36
-0.032 0.713 1.000 -0.045 -0.845 -0.000 0.260 0.243 0.000 9.37
-0.032 0.705 1.000 -0.042 -0.843 -0.000 0.255 0.251 0.000 9.38
-0.033 0.696 1.000 -0.039 -0.840 -0.000 0.251 0.259 0.000 9.39
-0.033 0.688 1.000 -0.037 -0.838 -0.000 0.246 0.268 0.000 9.40
-0.033 0.680 1.000 -0.034 -0.835 -0.000 0.242 0.276 0.000 9.41
-0.034 0.671 1.000 -0.032 -0.832 -0.000 0.237 0.284 0.000 9.42
-0.034 0.663 1.000 -0.030 -0.829 -0.000 0.233 0.292 0.000 9.43
-0.034 0.655 1.000 -0.027 -0.826 -0.000 0.228 0.300 0.000 9.44
-0.034 0.646 1.000 -0.025 -0.823 -0.000 0.224 0.308 0.000 9.45
-0.035 0.638 1.000 -0.023 -0.820 -0.000 0.220 0.316 0.000 9.46
-0.035 0.630 1.000 -0.021 -0.817 -0.000 0.215 0.323 0.000 9.47
-0.035 0.622 1.000 -0.019 -0.814 -0.000 0.211 0.331 0.000 9.48
-0.035 0.614 1.000 -0.017 -0.810 -0.000 0.206 0.339 0.000 9.49
-0.035 0.606 1.000 -0.015 -0.807 -0.000 0.202 0.346 0.000 9.50
-0.036 0.598 1.000 -0.013 -0.803 -0.000 0.198 0.354 0.000 9.51
-0.036 0.590 1.000 -0.011 -0.800 -0.000 0.194 0.361 0.000 9.52
-0.036 0.582 1.000 -0.009 -0.796 -0.000 0.189 0.368 0.000 9.53
-0.036 0.574 1.000 -0.007 -0.793 -0.000 0.185 0.376 0.000 9.54
-0.036 0.566 1.000 -0.005 -0.789 -0.000 0.181 0.383 0.000 9.55
-0.036 0.558 1.000 -0.003 -0.785 -0.000 0.177 0.390 0.000 9.56
-0.036 0.550 1.000 -0.001 -0.781 -0.000 0.173 0.397 0.000 9.57
-0.036 0.542 1.000 0.000 -0.777 -0.000 0.169 0.404 0.000 9.58
-0.036 0.534 1.000 0.002 -0.773 -0.000 0.165 0.411 0.000 9.59
-0.036 0.527 1.000 0.004 -0.769 -0.000 0.160 0.418 0.000 9.60
-0.036 0.519 1.000 0.005 -0.764 -0.000 0.156 0.424 0.000 9.61
-0.036 0.511 1.000 0.007 -0.760 -0.000 0.152 0.431 0.000 9.62
-0.036 0.504 1.000 0.008 -0.756 -0.000 0.149 0.438 0.000 9.63
-0.036 0.496 1.000 0.010 -0.751 -0.000 0.145 0.444 0.000 9.64
-0.036 0.489 1.000 0.011 -0.747 -0.000 0.141 0.451 0.000 9.65
-0.035 0.481 1.000 0.012 -0.742 -0.000 0.137 0.457 0.000 9.66
-0.035 0.474 1.000 0.014 -0.738 -0.000 0.133 0.464 0.000 9.67
-0.035 0.467 1.000 0.015 -0.733 -0.000 0.129 0.470 0.000 9.68
-0.035 0.459 1.000 0.016 -0.728 -0.000 0.125 0.476 0.000 9.69
-0.035 0.452 1.000 0.018 -0.724 -0.000 0.122 0.482 0.000 9.70
-0.035 0.445 1.000 0.019 -0.719 -0.000 0.118 0.488 0.000 9.71
-0.035 0.438 1.000 0.020 -0.714 -0.000 0.114 0.494 0.000 9.72
-0.034 0.431 1.000 0.021 -0.709 -0.000 0.111 0.500 0.000 9.73
-0.034 0.424 1.000 0.022 -0.704 -0.000 0.107 0.506 0.000 9.74
-0.034 0.417 1.000 0.023 -0.699 -0.000 0.103 0.512 0.000 9.75
-0.034 0.410 1.000 0.024 -0.694 -0.000 0.100 0.517 0.000 9.76
-0.033 0.403 1.000 0.025 -0.688 -0.000 0.096 0.523 0.000 9.77
-0.033 0.396 1.000 0.026 -0.683 -0.000 0.093 0.528 0.000 9.78
-0.033 0.389 1.000 0.027 -0.678 -0.000 0.089 0.534 0.000 9.79
-0.033 0.382 1.000 0.028 -0.673 -0.000 0.086 0.539 0.000 9.80
-0.032 0.376 1.000 0.029 -0.667 -0.000 0.082 0.544 0.000 9.81
-0.032 0.369 1.000 0.030 -0.662 0.000 0.079 0.550 0.000 9.82
-0.032 0.362 1.000 0.030 -0.656 0.000 0.076 0.555 0.000 9.83
-0.031 0.356 1.000 0.031 -0.651 0.000 0.072 0.560 0.000 9.84
-0.031 0.349 1.000 0.032 -0.645 0.000 0.069 0.564 0.000 9.85
-0.031 0.343 1.000 0.033 -0.639 0.000 0.066 0.569 0.000 9.86
-0.030 0.336 1.000 0.033 -0.634 0.000 0.063 0.574 0.000 9.87
-0.030 0.330 1.000 0.034 -0.628 0.000 0.059 0.578 0.000 9.88
-0.030 0.324 1.000 0.034 -0.622 0.000 0.056 0.583 0.000 9.89
-0.029 0.318 1.000 0.035 -0.616 0.000 0.053 0.587 0.000 9.90
-0.029 0.312 1.000 0.035 -0.610 0.000 0.050 0.591 0.000 9.91
-0.029 0.306 1.000 0.036 -0.604 0.000 0.047 0.596 0.000 9.92
-0.028 0.300 1.000 0.036 -0.598 0.000 0.044 0.600 0.000 9.93
-0.028 0.294 1.000 0.037 -0.592 0.000 0.041 0.603 0.000 9.94
-0.028 0.288 1.000 0.037 -0.586 0.000 0.038 0.607 0.000 9.95
-0.027 0.282 1.000 0.038 -0.580 0.000 0.035 0.611 0.000 9.96
-0.027 0.276 1.000 0.038 -0.574 0.000 0.033 0.615 0.000 9.97
-0.026 0.270 1.000 0.038 -0.568 0.000 0.030 0.618 0.000 9.98
-0.026 0.265 1.000 0.039 -0.562 0.000 0.027 0.621 0.000 9.99
-0.026 0.259 1.000 0.039 -0.555 0.000 0.024 0.624 0.000 10.00
-0.025 0.254 1.000 0.039 -0.549 0.000 0.022 0.628 0.000 10.01
-0.025 0.248 1.000 0.039 -0.543 0.000 0.019 0.630 0.000 10.02
-0.025 0.243 1.000 0.039 -0.537 0.000 0.017 0.633 0.000 10.03
-0.024 0.237 1.000 0.040 -0.530 0.000 0.014 0.636 0.000 10.04
-0.024 0.232 1.000 0.040 -0.524 0.000 0.011 0.639 0.000 10.05
-0.023 0.227 1.000 0.040 -0.517 0.000 0.009 0.641 0.000 10.06
-0.023 0.222 1.000 0.040 -0.511 0.000 0.007 0.643 0.000 10.07
-0.023 0.217 1.000 0.040 -0.505 0.000 0.004 0.645 0.000 10.08
-0.022 0.212 1.000 0.040 -0.498 0.000 0.002 0.647 0.000 10.09
-0.022 0.207 1.000 0.040 -0.492 0.000 -0.000 0.649 0.000 10.10
-0.021 0.202 1.000 0.040 -0.485 0.000 -0.003 0.651 0.000 10.11
-0.021 0.197 1.000 0.040 -0.479 0.000 -0.005 0.652 0.000 10.12
-0.021 0.192 1.000 0.040 -0.472 0.000 -0.007 0.654 0.000 10.13
-0.020 0.188 1.000 0.040 -0.466 0.000 -0.009 0.655 0.000 10.14
-0.020 0.183 1.000 0.040 -0.459 0.000 -0.011 0.656 0.000 10.15
-0.019 0.178 1.000 0.040 -0.452 0.000 -0.013 0.657 0.000 10.16
-0.019 0.174 1.000 0.039 -0.446 0.000 -0.015 0.658 0.000 10.17
-0.019 0.170 1.000 0.039 -0.439 0.000 -0.017 0.658 0.000 10.18
-0.018 0.165 1.000 0.039 -0.433 0.000 -0.019 0.659 0.000 10.19
-0.018 0.161 1.000 0.039 -0.426 0.000 -0.021 0.659 0.000 10.20
-0.017 0.157 1.000 0.039 -0.420 0.000 -0.022 0.659 0.000 10.21
-0.017 0.152 1.000 0.038 -0.413 0.000 -0.024 0.659 0.000 10.22
-0.017 0.148 1.000 0.038 -0.406 0.000 -0.026 0.659 0.000 10.23
-0.016 0.144 1.000 0.038 -0.400 0.000 -0.027 0.658 0.000 10.24
-0.016 0.140 1.000 0.038 -0.393 0.000 -0.029 0.658 0.000 10.25
-0.015 0.136 1.000 0.037 -0.387 0.000 -0.030 0.657 0.000 10.26
-0.015 0.133 1.000 0.037 -0.380 0.000 -0.032 0.656 0.000 10.27
-0.015 0.129 1.000 0.037 -0.373 0.000 -0.033 0.655 0.000 10.28
-0.014 0.125 1.000 0.036 -0.367 0.000 -0.035 0.654 0.000 10.29
-0.014 0.122 1.000 0.036 -0.360 0.000 -0.036 0.652 0.000 10.30
-0.014 0.118 1.000 0.036 -0.354 0.000 -0.037 0.651 0.000 10.31
-0.013 0.114 1.000 0.035 -0.347 0.000 -0.039 0.649 0.000 10.32
-0.013 0.111 1.000 0.035 -0.341 0.000 -0.040 0.647 0.000 10.33
-0.013 0.108 1.000 0.034 -0.334 0.000 -0.041 0.645 0.000 10.34
-0.012 0.104 1.000 0.034 -0.328 0.000 -0.042 0.642 0.000 10.35
-0.012 0.101 1.000 0.034 -0.322 0.000 -0.043 0.640 0.000 10.36
-0.012 0.098 1.000 0.033 -0.315 0.000 -0.044 0.637 -0.000 10.37
-0.011 0.095 1.000 0.033 -0.309 0.000 -0.045 0.634 -0.000 10.38
-0.011 0.092 1.000 0.032 -0.303 0.000 -0.046 0.631 -0.000 10.39
-0.011 0.089 1.000 0.032 -0.296 0.000 -0.047 0.628 -0.000 10.40
-0.010 0.086 1.000 0.031 -0.290 0.000 -0.047 0.625 -0.000 10.41
-0.010 0.083 1.000 0.031 -0.284 0.000 -0.048 0.621 -0.000 10.42
-0.010 0.080 1.000 0.030 -0.278 0.000 -0.049 0.617 -0.000 10.43
-0.009 0.077 1.000 0.030 -0.271 0.000 -0.050 0.613 -0.000 10.44
-0.009 0.075 1.000 0.029 -0.265 0.000 -0.050 0.609 -0.000 10.45
-0.009 0.072 1.000 0.029 -0.259 0.000 -0.051 0.605 -0.000 10.46
-0.009 0.070 1.000 0.028 -0.253 0.000 -0.051 0.600 -0.000 10.47
-0.008 0.067 1.000 0.028 -0.247 0.000 -0.052 0.596 -0.000 10.48
-0.008 0.065 1.000 0.027 -0.241 0.000 -0.052 0.591 -0.000 10.49
-0.008 0.062 1.000 0.027 -0.235 0.000 -0.052 0.586 -0.000 10.50
-0.007 0.060 1.000 0.026 -0.230 0.000 -0.053 0.581 -0.000 10.51
-0.007 0.058 1.000 0.026 -0.224 0.000 -0.053 0.576 -0.000 10.52
-0.007 0.055 1.000 0.025 -0.218 0.000 -0.053 0.570 -0.000 10.53
-0.007 0.053 1.000 0.025 -0.212 0.000 -0.053 0.564 -0.000 10.54
-0.006 0.051 1.000 0.024 -0.207 0.000 -0.054 0.559 -0.000 10.55
-0.006 0.049 1.000 0.024 -0.201 0.000 -0.054 0.553 -0.000 10.56
-0.006 0.047 1.000 0.023 -0.196 0.000 -0.054 0.547 -0.000 10.57
-0.006 0.045 1.000 0.023 -0.190 0.000 -0.054 0.540 -0.000 10.58
-0.005 0.043 1.000 0.022 -0.185 0.000 -0.054 0.534 -0.000 10.59
-0.005 0.042 1.000 0.021 -0.180 0.000 -0.054 0.527 -0.000 10.60
-0.005 0.040 1.000 0.021 -0.174 0.000 -0.053 0.521 -0.000 10.61
-0.005 0.038 1.000 0.020 -0.169 0.000 -0.053 0.514 -0.000 10.62
-0.005 0.036 1.000 0.020 -0.164 0.000 -0.053 0.507 -0.000 10.63
-0.004 0.035 1.000 0.019 -0.159 0.000 -0.053 0.500 -0.000 10.64
-0.004 0.033 1.000 0.019 -0.154 0.000 -0.053 0.493 -0.000 10.65
-0.004 0.032 1.000 0.018 -0.149 0.000 -0.052 0.485 -0.000 10.66
-0.004 0.030 1.000 0.018 -0.144 0.000 -0.052 0.478 -0.000 10.67
-0.004 0.029 1.000 0.017 -0.140 0.000 -0.052 0.470 -0.000 10.68
-0.004 0.027 1.000 0.017 -0.135 0.000 -0.051 0.463 -0.000 10.69
-0.003 0.026 1.000 0.016 -0.130 0.000 -0.051 0.455 -0.000 10.70
-0.003 0.025 1.000 0.016 -0.126 0.000 -0.050 0.447 -0.000 10.71
-0.003 0.024 1.000 0.015 -0.121 0.000 -0.050 0.439 -0.000 10.72
-0.003 0.022 1.000 0.015 -0.117 0.000 -0.049 0.431 -0.000 10.73
-0.003 0.021 1.000 0.014 -0.113 0.000 -0.048 0.423 -0.000 10.74
-0.003 0.020 1.000 0.014 -0.109 0.000 -0.048 0.415 -0.000 10.75
-0.003 0.019 1.000 0.013 -0.104 0.000 -0.047 0.406 -0.000 10.76
-0.002 0.018 1.000 0.013 -0.100 0.000 -0.047 0.398 -0.000 10.77
-0.002 0.017 1.000 0.012 -0.097 0.000 -0.046 0.390 -0.000 10.78
-0.002 0.016 1.000 0.012 -0.093 0.000 -0.045 0.381 -0.000 10.79
-0.002 0.015 1.000 0.011 -0.089 0.000 -0.044 0.373 -0.000 10.80
-0.002 0.014 1.000 0.011 -0.085 0.000 -0.044 0.364 -0.000 10.81
-0.002 0.013 1.000 0.011 -0.082 0.000 -0.043 0.355 -0.000 10.82
-0.002 0.013 1.000 0.010 -0.078 0.000 -0.042 0.347 -0.000 10.83
-0.002 0.012 1.000 0.010 -0.075 0.000 -0.041 0.338 -0.000 10.84
-0.002 0.011 1.000 0.009 -0.071 0.000 -0.040 0.330 -0.000 10.85
-0.001 0.010 1.000 0.009 -0.068 0.000 -0.040 0.321 -0.000 10.86
-0.001 0.010 1.000 0.009 -0.065 0.000 -0.039 0.312 -0.000 10.87
-0.001 0.009 1.000 0.008 -0.062 0.000 -0.038 0.303 -0.000 10.88
-0.001 0.009 1.000 0.008 -0.059 0.000 -0.037 0.295 -0.000 10.89
-0.001 0.008 1.000 0.007 -0.056 0.000 -0.036 0.286 -0.000 10.90
-0.001 0.007 1.000 0.007 -0.053 0.000 -0.035 0.277 -0.000 10.91
-0.001 0.007 1.000 0.007 -0.050 0.000 -0.034 0.269 -0.000 10.92
-0.001 0.006 1.000 0.006 -0.048 0.000 -0.033 0.260 -0.000 10.93
-0.001 0.006 1.000 0.006 -0.045 0.000 -0.032 0.252 -0.000 10.94
-0.001 0.006 1.000 0.006 -0.043 0.000 -0.031 0.243 -0.000 10.95
-0.001 0.005 1.000 0.005 -0.040 0.000 -0.030 0.235 -0.000 10.96
-0.001 0.005 1.000 0.005 -0.038 0.000 -0.029 0.226 -0.000 10.97
-0.001 0.004 1.000 0.005 -0.036 0.000 -0.028 0.218 -0.000 10.98
-0.001 0.004 1.000 0.005 -0.034 0.000 -0.027 0.210 -0.000 10.99
-0.001 0.004 1.000 0.004 -0.032 0.000 -0.026 0.202 -0.000 11.00
-0.000 0.003 1.000 0.004 -0.030 0.000 -0.025 0.194 -0.000 11.01
-0.000 0.003 1.000 0.004 -0.028 0.000 -0.024 0.186 -0.000 11.02
-0.000 0.003 1.000 0.004 -0.026 0.000 -0.024 0.178 -0.000 11.03
-0.000 0.003 1.000 0.003 -0.024 0.000 -0.023 0.170 -0.000 11.04
-0.000 0.002 1.000 0.003 -0.023 0.000 -0.022 0.162 -0.000 11.05
-0.000 0.002 1.000 0.003 -0.021 0.000 -0.021 0.155 -0.000 11.06
-0.000 0.002 1.000 0.003 -0.019 0.000 -0.020 0.148 -0.000 11.07
-0.000 0.002 1.000 0.002 -0.018 0.000 -0.019 0.140 -0.000 11.08
-0.000 0.002 1.000 0.002 -0.017 0.000 -0.018 0.133 -0.000 11.09
-0.000 0.001 1.000 0.002 -0.015 0.000 -0.017 0.126 -0.000 11.10
-0.000 0.001 1.000 0.002 -0.014 0.000 -0.016 0.119 -0.000 11.11
-0.000 0.001 1.000 0.002 -0.013 0.000 -0.015 0.113 -0.000 11.12
-0.000 0.001 1.000 0.002 -0.012 0.000 -0.014 0.106 -0.000 11.13
-0.000 0.001 1.000 0.002 -0.011 0.000 -0.014 0.100 -0.000 11.14
-0.000 0.001 1.000 0.001 -0.010 0.000 -0.013 0.094 -0.000 11.15
-0.000 0.001 1.000 0.001 -0.009 0.000 -0.012 0.088 -0.000 11.16
-0.000 0.001 1.000 0.001 -0.008 0.000 -0.011 0.082 -0.000 11.17
-0.000 0.001 1.000 0.001 -0.007 0.000 -0.011 0.077 -0.000 11.18
-0.000 0.000 1.000 0.001 -0.007 0.000 -0.010 0.071 -0.000 11.19
-0.000 0.000 1.000 0.001 -0.006 0.000 -0.009 0.066 -0.000 11.20
-0.000 0.000 1.000 0.001 -0.005 0.000 -0.008 0.061 -0.000 11.21
-0.000 0.000 1.000 0.001 -0.005 0.000 -0.008 0.056 -0.000 11.22
-0.000 0.000 1.000 0.001 -0.004 0.000 -0.007 0.052 -0.000 11.23
-0.000 0.000 1.000 0.001 -0.004 0.000 -0.007 0.047 -0.000 11.24
-0.000 0.000 1.000 0.000 -0.003 0.000 -0.006 0.043 -0.000 11.25
-0.000 0.000 1.000 0.000 -0.003 0.000 -0.005 0.039 -0.000 11.26
-0.000 0.000 1.000 0.000 -0.002 0.000 -0.005 0.035 -0.000 11.27
-0.000 0.000 1.000 0.000 -0.002 0.000 -0.004 0.032 -0.000 11.28
-0.000 0.000 1.000 0.000 -0.002 0.000 -0.004 0.028 -0.000 11.29
-0.000 0.000 1.000 0.000 -0.001 0.000 -0.004 0.025 -0.000 11.30
-0.000 0.000 1.000 0.000 -0.001 0.000 -0.003 0.022 -0.000 11.31
-0.000 0.000 1.000 0.000 -0.001 0.000 -0.003 0.020 -0.000 11.32
-0.000 0.000 1.000 0.000 -0.001 0.000 -0.002 0.017 -0.000 11.33
-0.000 0.000 1.000 0.000 -0.001 0.000 -0.002 0.015 -0.000 11.34
-0.000 0.000 1.000 0.000 -0.001 0.000 -0.002 0.013 -0.000 11.35
-0.000 0.000 1.000 0.000 -0.000 0.000 -0.002 0.011 -0.000 11.36
-0.000 0.000 1.000 0.000 -0.000 0.000 -0.001 0.009 -0.000 11.37
-0.000 0.000 1.000 0.000 -0.000 -0.000 -0.001 0.007 -0.000 11.38
-0.000 0.000 1.000 0.000 -0.000 -0.000 -0.001 0.006 -0.000 11.39
-0.000 0.000 1.000 0.000 -0.000 -0.000 -0.001 0.005 -0.000 11.40
-0.000 0.000 1.000 0.000 -0.000 -0.000 -0.001 0.004 -0.000 11.41
-0.000 0.000 1.000 0.000 -0.000 -0.000 -0.000 0.003 -0.000 11.42
-0.000 0.000 1.000 0.000 -0.000 -0.000 -0.000 0.002 -0.000 11.43
-0.000 0.000 1.000 0.000 -0.000 -0.000 -0.000 0.002 -0.000 11.44
-0.000 0.000 1.000 0.000 -0.000 -0.000 -0.000 0.001 -0.000 11.45
-0.000 0.000 1.000 0.000 -0.000 -0.000 -0.000 0.001 -0.000 11.46
-0.000 0.000 1.000 0.000 -0.000 -0.000 -0.000 0.000 -0.000 11.47
-0.000 0.000 1.000 0.000 -0.000 -0.000 -0.000 0.000 -0.000 11.48
-0.000 0.000 1.000 0.000 -0.000 -0.000 -0.000 0.000 -0.000 11.49
-0.000 0.000 1.000 0.000 -0.000 -0.000 -0.000 0.000 -0.000 11.50
-0.000 0.000 1.000 0.000 -0.000 -0.000 -0.000 0.000 0.000 11.51
-0.000 -0.000 1.000 0.000 -0.000 -0.000 -0.000 -0.000 0.000 11.52
